21
27
255 255 255  255 255 255  255 255 255  255 255 255  255 255 255  255 255 255  255 255 255  255 255 255  255 255 255  255 255 255  255 255 255  255 255 255  64 64 64  64 64 64  64 64 64  64 64 64  255 255 255  64 64 64  64 64 64  64 64 64  64 64 64  64 64 64  255 255 255  255 255 255  255 255 255  255 255 255  255 255 255
255 255 255  255 255 255  255 255 255  255 255 255  255 255 255  255 255 255  255 255 255  255 255 255  255 255 255  255 255 255  64 64 64  64 64 64  232 112 152  232 112 152  240 224 40  240 224 40  64 64 64  232 112 152  240 224 40  240 224 40  232 112 152  232 112 152  64 64 64  64 64 64  255 255 255  255 255 255  255 255 255
255 255 255  255 255 255  255 255 255  255 255 255  255 255 255  255 255 255  255 255 255  255 255 255  255 255 255  64 64 64  240 224 40  240 224 40  224 72 40  224 72 40  224 72 40  64 64 64  64 64 64  64 64 64  224 72 40  224 72 40  224 72 40  240 224 40  240 224 40  224 72 40  64 64 64  255 255 255  255 255 255
255 255 255  255 255 255  255 255 255  255 255 255  255 255 255  255 255 255  255 255 255  255 255 255  64 64 64  224 72 40  224 72 40  224 72 40  64 64 64  64 64 64  64 64 64  240 224 40  240 224 40  240 224 40  64 64 64  64 64 64  64 64 64  64 64 64  64 64 64  224 72 40  64 64 64  255 255 255  255 255 255
255 255 255  255 255 255  255 255 255  255 255 255  255 255 255  255 255 255  255 255 255  255 255 255  64 64 64  224 72 40  64 64 64  64 64 64  232 112 152  232 112 152  232 112 152  64 64 64  64 64 64  240 224 40  240 224 40  64 64 64  232 112 152  240 224 40  224 72 40  64 64 64  64 64 64  255 255 255  255 255 255
255 255 255  255 255 255  255 255 255  255 255 255  255 255 255  255 255 255  255 255 255  255 255 255  64 64 64  64 64 64  224 72 40  224 72 40  240 224 40  240 224 40  232 112 152  232 112 152  232 112 152  224 72 40  64 64 64  232 112 152  232 112 152  232 112 152  224 72 40  224 72 40  224 72 40  64 64 64  255 255 255
255 255 255  255 255 255  255 255 255  255 255 255  255 255 255  255 255 255  64 64 64  64 64 64  152 200 72  64 64 64  224 72 40  224 72 40  224 72 40  232 112 152  232 112 152  232 112 152  224 72 40  224 72 40  64 64 64  240 224 40  240 224 40  224 72 40  224 72 40  224 72 40  224 72 40  64 64 64  255 255 255
255 255 255  255 255 255  255 255 255  255 255 255  64 64 64  64 64 64  152 200 72  96 96 88  96 96 88  64 64 64  64 64 64  224 72 40  224 72 40  224 72 40  224 72 40  224 72 40  224 72 40  64 64 64  224 72 40  224 72 40  224 72 40  224 72 40  224 72 40  64 64 64  64 64 64  255 255 255  255 255 255
255 255 255  255 255 255  255 255 255  64 64 64  152 200 72  64 64 64  64 64 64  152 200 72  64 64 64  152 200 72  120 152 72  64 64 64  64 64 64  224 72 40  224 72 40  224 72 40  224 72 40  64 64 64  64 64 64  64 64 64  64 64 64  64 64 64  64 64 64  120 152 72  96 96 88  64 64 64  255 255 255
255 255 255  255 255 255  255 255 255  64 64 64  152 200 72  152 200 72  64 64 64  64 64 64  64 64 64  152 200 72  96 96 88  96 96 88  152 200 72  64 64 64  64 64 64  64 64 64  64 64 64  120 152 72  64 64 64  120 152 72  120 152 72  120 152 72  96 96 88  96 96 88  152 200 72  152 200 72  64 64 64
255 255 255  255 255 255  255 255 255  64 64 64  152 200 72  152 200 72  152 200 72  152 200 72  120 152 72  64 64 64  64 64 64  64 64 64  64 64 64  120 152 72  120 152 72  96 96 88  120 152 72  64 64 64  64 64 64  120 152 72  96 96 88  152 200 72  152 200 72  96 96 88  96 96 88  96 96 88  64 64 64
255 255 255  255 255 255  64 64 64  152 200 72  152 200 72  152 200 72  152 200 72  152 200 72  152 200 72  152 200 72  152 200 72  152 200 72  120 152 72  64 64 64  64 64 64  64 64 64  64 64 64  64 64 64  120 152 72  64 64 64  64 64 64  120 152 72  96 96 88  152 200 72  96 96 88  152 200 72  64 64 64
255 255 255  64 64 64  152 200 72  120 152 72  152 200 72  152 200 72  152 200 72  152 200 72  152 200 72  152 200 72  152 200 72  152 200 72  152 200 72  152 200 72  152 200 72  120 152 72  120 152 72  64 64 64  120 152 72  120 152 72  120 152 72  64 64 64  64 64 64  64 64 64  120 152 72  96 96 88  64 64 64
64 64 64  64 64 64  120 152 72  152 200 72  152 200 72  152 200 72  152 200 72  152 200 72  152 200 72  152 200 72  152 200 72  152 200 72  152 200 72  152 200 72  120 152 72  224 72 40  224 72 40  64 64 64  120 152 72  96 96 88  120 152 72  120 152 72  120 152 72  184 184 184  64 64 64  64 64 64  255 255 255
64 64 64  64 64 64  120 152 72  152 200 72  152 200 72  152 200 72  152 200 72  152 200 72  152 200 72  120 152 72  120 152 72  120 152 72  152 200 72  152 200 72  224 72 40  224 72 40  64 64 64  120 152 72  120 152 72  120 152 72  64 64 64  120 152 72  184 184 184  96 96 88  255 255 255  255 255 255  255 255 255
96 96 88  120 152 72  152 200 72  152 200 72  152 200 72  152 200 72  152 200 72  152 200 72  120 152 72  152 200 72  64 64 64  64 64 64  152 200 72  120 152 72  120 152 72  120 152 72  96 96 88  120 152 72  96 96 88  120 152 72  64 64 64  64 64 64  64 64 64  255 255 255  255 255 255  255 255 255  255 255 255
255 255 255  96 96 88  152 200 72  152 200 72  152 200 72  152 200 72  152 200 72  152 200 72  120 152 72  64 64 64  224 72 40  248 248 248  120 152 72  120 152 72  120 152 72  120 152 72  120 152 72  120 152 72  120 152 72  64 64 64  255 255 255  255 255 255  255 255 255  255 255 255  255 255 255  255 255 255  255 255 255
255 255 255  96 96 88  96 96 88  152 200 72  152 200 72  152 200 72  152 200 72  152 200 72  64 64 64  248 248 248  248 248 248  152 200 72  120 152 72  120 152 72  120 152 72  96 96 88  120 152 72  120 152 72  120 152 72  120 152 72  64 64 64  255 255 255  255 255 255  255 255 255  255 255 255  255 255 255  255 255 255
255 255 255  255 255 255  96 96 88  120 152 72  152 200 72  96 96 88  152 200 72  152 200 72  152 200 72  120 152 72  120 152 72  120 152 72  120 152 72  120 152 72  96 96 88  120 152 72  120 152 72  120 152 72  120 152 72  248 248 248  64 64 64  255 255 255  255 255 255  255 255 255  255 255 255  255 255 255  255 255 255
255 255 255  255 255 255  255 255 255  96 96 88  96 96 88  120 152 72  120 152 72  120 152 72  120 152 72  120 152 72  120 152 72  120 152 72  96 96 88  96 96 88  255 255 255  96 96 88  248 248 248  120 152 72  248 248 248  96 96 88  255 255 255  255 255 255  255 255 255  255 255 255  255 255 255  255 255 255  255 255 255
255 255 255  255 255 255  255 255 255  255 255 255  255 255 255  96 96 88  96 96 88  96 96 88  96 96 88  96 96 88  96 96 88  96 96 88  255 255 255  255 255 255  255 255 255  255 255 255  96 96 88  96 96 88  96 96 88  255 255 255  255 255 255  255 255 255  255 255 255  255 255 255  255 255 255  255 255 255  255 255 255
