21
30
255 255 255  255 255 255  255 255 255  255 255 255  255 255 255  255 255 255  255 255 255  255 255 255  255 255 255  255 255 255  255 255 255  255 255 255  255 255 255  255 255 255  255 255 255  255 255 255  255 255 255  255 255 255  255 255 255  255 255 255  255 255 255  64 64 64  64 64 64  64 64 64  64 64 64  255 255 255  255 255 255  255 255 255  255 255 255  255 255 255
255 255 255  255 255 255  255 255 255  255 255 255  255 255 255  255 255 255  255 255 255  255 255 255  255 255 255  255 255 255  255 255 255  255 255 255  255 255 255  255 255 255  255 255 255  255 255 255  255 255 255  255 255 255  64 64 64  64 64 64  64 64 64  208 96 64  208 96 64  208 96 64  208 96 64  64 64 64  64 64 64  255 255 255  255 255 255  255 255 255
255 255 255  255 255 255  255 255 255  255 255 255  255 255 255  255 255 255  255 255 255  255 255 255  255 255 255  255 255 255  255 255 255  255 255 255  255 255 255  255 255 255  255 255 255  255 255 255  255 255 255  64 64 64  208 96 64  208 96 64  208 96 64  208 96 64  240 144 40  240 144 40  240 144 40  208 96 64  96 96 88  64 64 64  255 255 255  255 255 255
255 255 255  255 255 255  255 255 255  255 255 255  255 255 255  255 255 255  64 64 64  64 64 64  255 255 255  255 255 255  255 255 255  255 255 255  255 255 255  255 255 255  255 255 255  255 255 255  255 255 255  255 255 255  64 64 64  64 64 64  208 96 64  208 96 64  208 96 64  240 144 40  240 240 40  240 240 40  208 96 64  64 64 64  255 255 255  255 255 255
255 255 255  255 255 255  255 255 255  255 255 255  255 255 255  64 64 64  240 144 40  64 64 64  255 255 255  255 255 255  255 255 255  255 255 255  255 255 255  96 96 88  96 96 88  96 96 88  255 255 255  255 255 255  255 255 255  255 255 255  64 64 64  64 64 64  208 96 64  208 96 64  240 144 40  240 240 40  240 240 40  96 96 88  255 255 255  255 255 255
255 255 255  255 255 255  255 255 255  255 255 255  255 255 255  64 64 64  240 144 40  64 64 64  255 255 255  255 255 255  255 255 255  64 64 64  64 64 64  96 96 88  208 96 64  208 96 64  96 96 88  96 96 88  64 64 64  64 64 64  64 64 64  200 200 168  64 64 64  64 64 64  64 64 64  96 96 88  240 144 40  240 144 40  64 64 64  255 255 255
255 255 255  255 255 255  255 255 255  255 255 255  64 64 64  240 144 40  64 64 64  255 255 255  255 255 255  255 255 255  64 64 64  240 144 40  64 64 64  200 200 168  96 96 88  208 96 64  208 96 64  64 64 64  240 144 40  240 144 40  208 96 64  64 64 64  64 64 64  64 64 64  200 200 168  200 200 168  96 96 88  208 96 64  208 96 64  64 64 64
255 255 255  255 255 255  255 255 255  255 255 255  64 64 64  240 144 40  64 64 64  255 255 255  255 255 255  64 64 64  240 144 40  208 96 64  64 64 64  200 200 168  200 200 168  96 96 88  208 96 64  64 64 64  64 64 64  240 144 40  240 144 40  240 144 40  240 144 40  208 96 64  64 64 64  64 64 64  64 64 64  208 96 64  208 96 64  64 64 64
255 255 255  255 255 255  255 255 255  64 64 64  240 144 40  96 96 88  64 64 64  64 64 64  64 64 64  240 144 40  208 96 64  64 64 64  200 200 168  200 200 168  200 200 168  64 64 64  64 64 64  208 96 64  208 96 64  64 64 64  64 64 64  240 144 40  240 144 40  240 144 40  208 96 64  208 96 64  208 96 64  64 64 64  64 64 64  96 96 88
255 255 255  255 255 255  255 255 255  64 64 64  240 144 40  240 144 40  208 96 64  64 64 64  240 144 40  208 96 64  64 64 64  64 64 64  64 64 64  64 64 64  64 64 64  208 96 64  208 96 64  208 96 64  64 64 64  64 64 64  208 96 64  64 64 64  64 64 64  208 96 64  208 96 64  208 96 64  208 96 64  208 96 64  208 96 64  64 64 64
255 255 255  255 255 255  64 64 64  240 144 40  240 144 40  240 144 40  240 144 40  240 144 40  240 144 40  96 96 88  208 96 64  208 96 64  208 96 64  208 96 64  208 96 64  240 144 40  240 144 40  240 144 40  240 144 40  208 96 64  96 72 200  96 72 200  96 72 200  64 64 64  208 96 64  208 96 64  208 96 64  64 64 64  64 64 64  96 96 88
255 255 255  255 255 255  64 64 64  240 144 40  240 144 40  240 144 40  240 144 40  240 144 40  208 96 64  208 96 64  208 96 64  208 96 64  208 96 64  208 96 64  240 144 40  240 144 40  240 144 40  240 144 40  240 144 40  240 144 40  240 144 40  96 96 88  208 96 64  208 96 64  64 64 64  208 96 64  208 96 64  64 64 64  208 96 64  96 96 88
255 255 255  255 255 255  64 64 64  240 144 40  240 144 40  240 144 40  240 144 40  64 64 64  208 96 64  208 96 64  64 64 64  64 64 64  64 64 64  208 96 64  208 96 64  240 144 40  240 144 40  240 144 40  64 64 64  240 144 40  240 144 40  240 144 40  64 64 64  208 96 64  208 96 64  64 64 64  208 96 64  64 64 64  96 96 88  255 255 255
255 255 255  64 64 64  208 96 64  208 96 64  240 144 40  240 144 40  64 64 64  248 248 248  208 96 64  208 96 64  64 64 64  255 255 255  64 64 64  64 64 64  208 96 64  208 96 64  208 96 64  64 64 64  248 248 248  64 64 64  240 144 40  208 96 64  64 64 64  208 96 64  208 96 64  64 64 64  208 96 64  64 64 64  96 96 88  255 255 255
64 64 64  240 144 40  240 144 40  208 96 64  208 96 64  64 64 64  64 64 64  248 248 248  208 96 64  64 64 64  255 255 255  255 255 255  96 96 88  208 96 64  96 96 88  208 96 64  64 64 64  240 144 40  240 144 40  240 144 40  208 96 64  64 64 64  208 96 64  208 96 64  208 96 64  208 96 64  64 64 64  96 96 88  255 255 255  255 255 255
64 64 64  240 144 40  240 144 40  240 144 40  208 96 64  208 96 64  208 96 64  64 64 64  64 64 64  255 255 255  255 255 255  255 255 255  255 255 255  96 96 88  208 96 64  208 96 64  64 64 64  248 248 248  208 96 64  208 96 64  64 64 64  208 96 64  208 96 64  208 96 64  208 96 64  208 96 64  96 96 88  255 255 255  255 255 255  255 255 255
255 255 255  64 64 64  208 96 64  240 144 40  208 96 64  64 64 64  64 64 64  255 255 255  255 255 255  255 255 255  255 255 255  255 255 255  96 96 88  208 96 64  96 96 88  96 96 88  184 160 64  64 64 64  64 64 64  64 64 64  96 96 88  240 144 40  240 144 40  208 96 64  208 96 64  208 96 64  96 96 88  255 255 255  255 255 255  255 255 255
255 255 255  255 255 255  64 64 64  64 64 64  64 64 64  255 255 255  255 255 255  255 255 255  255 255 255  255 255 255  255 255 255  255 255 255  96 96 88  96 96 88  96 96 88  96 96 88  96 96 88  96 96 88  184 160 64  96 96 88  240 144 40  240 144 40  208 96 64  208 96 64  208 96 64  96 96 88  255 255 255  255 255 255  255 255 255  255 255 255
255 255 255  255 255 255  255 255 255  255 255 255  255 255 255  255 255 255  255 255 255  255 255 255  255 255 255  255 255 255  255 255 255  255 255 255  255 255 255  255 255 255  255 255 255  255 255 255  255 255 255  255 255 255  96 96 88  96 96 88  96 96 88  208 96 64  208 96 64  208 96 64  96 96 88  255 255 255  255 255 255  255 255 255  255 255 255  255 255 255
255 255 255  255 255 255  255 255 255  255 255 255  255 255 255  255 255 255  255 255 255  255 255 255  255 255 255  255 255 255  255 255 255  255 255 255  255 255 255  255 255 255  255 255 255  255 255 255  255 255 255  255 255 255  255 255 255  96 96 88  248 248 248  208 96 64  248 248 248  208 96 64  96 96 88  255 255 255  255 255 255  255 255 255  255 255 255  255 255 255
255 255 255  255 255 255  255 255 255  255 255 255  255 255 255  255 255 255  255 255 255  255 255 255  255 255 255  255 255 255  255 255 255  255 255 255  255 255 255  255 255 255  255 255 255  255 255 255  255 255 255  255 255 255  255 255 255  255 255 255  96 96 88  96 96 88  96 96 88  96 96 88  255 255 255  255 255 255  255 255 255  255 255 255  255 255 255  255 255 255
