17
21
255 255 255  255 255 255  255 255 255  64 64 64  64 64 64  64 64 64  64 64 64  255 255 255  255 255 255  255 255 255  255 255 255  255 255 255  255 255 255  255 255 255  255 255 255  255 255 255  64 64 64  64 64 64  64 64 64  255 255 255  255 255 255
255 255 255  255 255 255  64 64 64  160 192 248  160 192 248  160 192 248  104 168 152  64 64 64  64 64 64  255 255 255  255 255 255  255 255 255  255 255 255  255 255 255  255 255 255  64 64 64  160 192 248  160 192 248  160 192 248  64 64 64  255 255 255
255 255 255  64 64 64  160 192 248  160 192 248  160 192 248  160 192 248  160 192 248  160 192 248  104 168 152  64 64 64  64 64 64  255 255 255  255 255 255  255 255 255  64 64 64  160 192 248  160 192 248  160 192 248  104 168 152  104 168 152  64 64 64
255 255 255  64 64 64  160 192 248  160 192 248  160 192 248  160 192 248  160 192 248  160 192 248  160 192 248  64 64 64  208 96 64  64 64 64  64 64 64  255 255 255  64 64 64  160 192 248  160 192 248  104 168 152  64 64 64  104 168 152  64 64 64
64 64 64  208 96 64  160 192 248  160 192 248  160 192 248  160 192 248  160 192 248  160 192 248  160 192 248  104 168 152  208 96 64  240 144 40  208 96 64  64 64 64  104 168 152  160 192 248  104 168 152  64 64 64  104 168 152  104 168 152  64 64 64
64 64 64  160 192 248  160 192 248  160 192 248  160 192 248  248 248 248  64 64 64  160 192 248  160 192 248  104 168 152  184 184 184  240 144 40  240 144 40  208 96 64  64 64 64  104 168 152  104 168 152  64 64 64  104 168 152  64 64 64  255 255 255
64 64 64  104 168 152  160 192 248  160 192 248  160 192 248  64 64 64  208 96 64  160 192 248  104 168 152  104 168 152  248 248 248  240 144 40  240 144 40  240 144 40  64 64 64  104 168 152  64 64 64  64 64 64  64 64 64  255 255 255  255 255 255
255 255 255  64 64 64  104 168 152  104 168 152  160 192 248  64 64 64  208 96 64  104 168 152  104 168 152  104 168 152  64 64 64  248 248 248  240 144 40  240 144 40  208 96 64  64 64 64  64 64 64  255 255 255  255 255 255  255 255 255  255 255 255
255 255 255  255 255 255  64 64 64  64 64 64  104 168 152  104 168 152  104 168 152  104 168 152  64 64 64  64 64 64  160 192 248  160 192 248  248 248 248  208 96 64  208 96 64  64 64 64  255 255 255  255 255 255  255 255 255  255 255 255  255 255 255
255 255 255  255 255 255  64 64 64  160 192 248  64 64 64  64 64 64  64 64 64  64 64 64  160 192 248  160 192 248  160 192 248  104 168 152  248 248 248  208 96 64  208 96 64  64 64 64  255 255 255  255 255 255  255 255 255  255 255 255  255 255 255
255 255 255  255 255 255  255 255 255  64 64 64  64 64 64  240 240 40  240 240 40  64 64 64  160 192 248  160 192 248  104 168 152  64 64 64  248 248 248  208 96 64  208 96 64  64 64 64  255 255 255  255 255 255  255 255 255  255 255 255  255 255 255
255 255 255  255 255 255  255 255 255  255 255 255  255 255 255  64 64 64  240 240 40  240 240 40  64 64 64  64 64 64  64 64 64  96 96 88  184 184 184  208 96 64  208 96 64  96 96 88  255 255 255  255 255 255  255 255 255  255 255 255  255 255 255
255 255 255  255 255 255  255 255 255  255 255 255  96 96 88  104 168 152  96 96 88  184 160 64  240 240 40  240 240 40  240 240 40  184 160 64  96 96 88  184 184 184  96 96 88  255 255 255  255 255 255  255 255 255  255 255 255  255 255 255  255 255 255
255 255 255  255 255 255  255 255 255  255 255 255  255 255 255  96 96 88  96 96 88  96 96 88  96 96 88  184 160 64  184 160 64  160 192 248  96 96 88  184 184 184  96 96 88  255 255 255  255 255 255  255 255 255  255 255 255  255 255 255  255 255 255
255 255 255  255 255 255  255 255 255  255 255 255  255 255 255  255 255 255  255 255 255  255 255 255  96 96 88  96 96 88  96 96 88  160 192 248  96 96 88  96 96 88  255 255 255  255 255 255  255 255 255  255 255 255  255 255 255  255 255 255  255 255 255
255 255 255  255 255 255  255 255 255  255 255 255  255 255 255  255 255 255  255 255 255  255 255 255  255 255 255  96 96 88  104 168 152  104 168 152  104 168 152  96 96 88  255 255 255  255 255 255  255 255 255  255 255 255  255 255 255  255 255 255  255 255 255
255 255 255  255 255 255  255 255 255  255 255 255  255 255 255  255 255 255  255 255 255  255 255 255  255 255 255  255 255 255  96 96 88  96 96 88  96 96 88  255 255 255  255 255 255  255 255 255  255 255 255  255 255 255  255 255 255  255 255 255  255 255 255
