21
23
255 255 255  255 255 255  255 255 255  255 255 255  255 255 255  255 255 255  64 64 64  64 64 64  255 255 255  255 255 255  255 255 255  255 255 255  255 255 255  255 255 255  255 255 255  255 255 255  255 255 255  255 255 255  255 255 255  255 255 255  255 255 255  255 255 255  255 255 255
255 255 255  255 255 255  255 255 255  255 255 255  255 255 255  64 64 64  64 64 64  184 184 176  64 64 64  255 255 255  255 255 255  255 255 255  255 255 255  255 255 255  255 255 255  255 255 255  255 255 255  255 255 255  255 255 255  255 255 255  255 255 255  255 255 255  255 255 255
255 255 255  255 255 255  255 255 255  255 255 255  255 255 255  64 64 64  248 248 248  184 184 176  184 184 176  64 64 64  64 64 64  64 64 64  255 255 255  255 255 255  255 255 255  64 64 64  64 64 64  255 255 255  255 255 255  255 255 255  255 255 255  255 255 255  255 255 255
255 255 255  255 255 255  255 255 255  64 64 64  64 64 64  200 200 168  64 64 64  248 248 248  176 128 88  176 128 88  176 128 88  176 128 88  64 64 64  64 64 64  64 64 64  184 184 176  184 184 176  64 64 64  255 255 255  255 255 255  255 255 255  255 255 255  255 255 255
255 255 255  255 255 255  255 255 255  64 64 64  160 168 240  64 64 64  64 64 64  176 128 88  176 128 88  176 128 88  176 128 88  176 128 88  176 128 88  64 64 64  248 248 248  64 64 64  64 64 64  184 184 176  64 64 64  255 255 255  255 255 255  255 255 255  255 255 255
255 255 255  255 255 255  255 255 255  64 64 64  160 168 240  160 168 240  112 112 200  64 64 64  64 64 64  176 128 88  64 64 64  64 64 64  176 128 88  248 248 248  248 248 248  64 64 64  64 64 64  184 184 176  64 64 64  255 255 255  255 255 255  255 255 255  255 255 255
255 255 255  255 255 255  64 64 64  160 168 240  160 168 240  160 168 240  160 168 240  112 112 200  112 112 200  64 64 64  112 112 200  64 64 64  176 128 88  248 248 248  184 184 176  184 184 176  184 184 176  64 64 64  255 255 255  255 255 255  255 255 255  255 255 255  255 255 255
255 255 255  64 64 64  112 112 200  160 168 240  160 168 240  160 168 240  160 168 240  160 168 240  112 112 200  112 112 200  112 112 200  64 64 64  176 128 88  176 128 88  184 184 176  184 184 176  64 64 64  176 128 88  64 64 64  255 255 255  255 255 255  255 255 255  255 255 255
255 255 255  64 64 64  160 168 240  160 168 240  160 168 240  160 168 240  112 112 200  64 64 64  112 112 200  112 112 200  64 64 64  184 184 176  184 184 176  184 184 176  120 120 120  120 120 120  176 128 88  176 128 88  64 64 64  255 255 255  255 255 255  255 255 255  255 255 255
64 64 64  160 168 240  160 168 240  160 168 240  160 168 240  112 112 200  64 64 64  248 248 248  112 112 200  112 112 200  112 112 200  64 64 64  120 120 120  64 64 64  64 64 64  64 64 64  184 184 176  176 128 88  176 128 88  64 64 64  64 64 64  64 64 64  64 64 64
64 64 64  160 168 240  160 168 240  160 168 240  160 168 240  64 64 64  64 64 64  160 168 240  112 112 200  192 168 40  112 112 200  64 64 64  64 64 64  112 112 200  112 112 200  112 112 200  64 64 64  184 184 176  176 128 88  64 64 64  160 168 240  112 112 200  64 64 64
64 64 64  248 248 248  160 168 240  160 168 240  160 168 240  160 168 240  160 168 240  112 112 200  192 168 40  192 168 40  64 64 64  184 184 176  64 64 64  160 168 240  112 112 200  112 112 200  64 64 64  184 184 176  176 128 88  64 64 64  112 112 200  64 64 64  255 255 255
255 255 255  64 64 64  240 240 40  240 240 40  160 168 240  160 168 240  240 240 40  192 168 40  192 168 40  64 64 64  184 184 176  64 64 64  160 168 240  160 168 240  160 168 240  112 112 200  64 64 64  184 184 176  184 184 176  64 64 64  64 64 64  255 255 255  255 255 255
255 255 255  255 255 255  64 64 64  64 64 64  248 248 248  240 240 40  192 168 40  64 64 64  64 64 64  192 168 40  64 64 64  160 168 240  112 112 200  160 168 240  112 112 200  64 64 64  160 168 240  64 64 64  64 64 64  255 255 255  255 255 255  255 255 255  255 255 255
255 255 255  255 255 255  255 255 255  255 255 255  64 64 64  64 64 64  64 64 64  240 240 40  240 240 40  64 64 64  248 248 248  160 168 240  160 168 240  112 112 200  64 64 64  160 168 240  160 168 240  112 112 200  96 96 88  255 255 255  255 255 255  255 255 255  255 255 255
255 255 255  255 255 255  255 255 255  255 255 255  255 255 255  96 96 88  96 96 88  192 168 40  240 240 40  64 64 64  64 64 64  160 168 240  160 168 240  64 64 64  160 168 240  160 168 240  160 168 240  112 112 200  112 112 200  96 96 88  255 255 255  255 255 255  255 255 255
255 255 255  255 255 255  255 255 255  255 255 255  255 255 255  96 96 88  96 96 88  96 96 88  192 168 40  192 168 40  64 64 64  248 248 248  64 64 64  96 96 88  96 96 88  96 96 88  160 168 240  160 168 240  112 112 200  96 96 88  255 255 255  255 255 255  255 255 255
255 255 255  255 255 255  255 255 255  255 255 255  255 255 255  255 255 255  255 255 255  255 255 255  96 96 88  96 96 88  192 168 40  64 64 64  192 168 40  96 96 88  112 112 200  160 168 240  160 168 240  112 112 200  96 96 88  255 255 255  255 255 255  255 255 255  255 255 255
255 255 255  255 255 255  255 255 255  255 255 255  255 255 255  255 255 255  255 255 255  255 255 255  255 255 255  255 255 255  96 96 88  96 96 88  96 96 88  96 96 88  248 248 248  160 168 240  160 168 240  248 248 248  96 96 88  255 255 255  255 255 255  255 255 255  255 255 255
255 255 255  255 255 255  255 255 255  255 255 255  255 255 255  255 255 255  255 255 255  255 255 255  255 255 255  255 255 255  255 255 255  255 255 255  255 255 255  255 255 255  96 96 88  248 248 248  248 248 248  96 96 88  255 255 255  255 255 255  255 255 255  255 255 255  255 255 255
255 255 255  255 255 255  255 255 255  255 255 255  255 255 255  255 255 255  255 255 255  255 255 255  255 255 255  255 255 255  255 255 255  255 255 255  255 255 255  255 255 255  96 96 88  96 96 88  96 96 88  255 255 255  255 255 255  255 255 255  255 255 255  255 255 255  255 255 255
