15
13
255 255 255  255 255 255  255 255 255  64 64 64  255 255 255  255 255 255  255 255 255  255 255 255  255 255 255  255 255 255  255 255 255  255 255 255  255 255 255
255 255 255  255 255 255  64 64 64  224 72 40  64 64 64  255 255 255  64 64 64  64 64 64  255 255 255  255 255 255  255 255 255  255 255 255  255 255 255
255 255 255  255 255 255  64 64 64  224 72 40  64 64 64  64 64 64  224 72 40  224 72 40  64 64 64  255 255 255  255 255 255  255 255 255  255 255 255
255 255 255  255 255 255  64 64 64  224 72 40  64 64 64  224 72 40  224 72 40  224 72 40  64 64 64  255 255 255  255 255 255  255 255 255  255 255 255
255 255 255  64 64 64  240 224 40  224 72 40  224 72 40  64 64 64  64 64 64  64 64 64  120 152 72  64 64 64  255 255 255  255 255 255  255 255 255
255 255 255  64 64 64  240 224 40  64 64 64  64 64 64  120 152 72  240 224 40  240 224 40  120 152 72  120 152 72  64 64 64  255 255 255  255 255 255
64 64 64  120 152 72  120 152 72  152 200 72  64 64 64  240 224 40  248 248 248  64 64 64  240 224 40  120 152 72  64 64 64  255 255 255  255 255 255
64 64 64  152 200 72  152 200 72  120 152 72  152 200 72  240 224 40  64 64 64  64 64 64  240 224 40  120 152 72  64 64 64  96 96 88  255 255 255
255 255 255  64 64 64  152 200 72  120 152 72  152 200 72  64 64 64  240 224 40  240 224 40  120 152 72  120 152 72  64 64 64  152 200 72  96 96 88
255 255 255  255 255 255  64 64 64  64 64 64  64 64 64  64 64 64  120 152 72  120 152 72  120 152 72  64 64 64  96 96 88  152 200 72  96 96 88
255 255 255  255 255 255  255 255 255  64 64 64  152 200 72  152 200 72  64 64 64  64 64 64  64 64 64  64 64 64  96 96 88  152 200 72  96 96 88
255 255 255  255 255 255  255 255 255  255 255 255  64 64 64  152 200 72  152 200 72  120 152 72  64 64 64  120 152 72  120 152 72  96 96 88  255 255 255
255 255 255  255 255 255  255 255 255  255 255 255  255 255 255  96 96 88  96 96 88  96 96 88  120 152 72  120 152 72  120 152 72  96 96 88  255 255 255
255 255 255  255 255 255  255 255 255  255 255 255  255 255 255  255 255 255  96 96 88  120 152 72  120 152 72  120 152 72  96 96 88  255 255 255  255 255 255
255 255 255  255 255 255  255 255 255  255 255 255  255 255 255  255 255 255  255 255 255  96 96 88  96 96 88  96 96 88  255 255 255  255 255 255  255 255 255
