17
13
255 255 255  255 255 255  255 255 255  255 255 255  64 64 64  64 64 64  64 64 64  64 64 64  255 255 255  255 255 255  255 255 255  255 255 255  255 255 255
255 255 255  255 255 255  64 64 64  64 64 64  240 240 40  240 240 40  240 240 40  192 168 40  64 64 64  64 64 64  255 255 255  255 255 255  255 255 255
255 255 255  64 64 64  192 168 40  240 240 40  240 240 40  240 240 40  240 240 40  240 240 40  240 240 40  192 168 40  64 64 64  255 255 255  255 255 255
255 255 255  64 64 64  240 240 40  240 240 40  240 240 40  240 240 40  240 240 40  240 240 40  240 240 40  240 240 40  192 168 40  64 64 64  255 255 255
64 64 64  192 168 40  64 64 64  240 240 40  240 240 40  240 240 40  240 240 40  240 240 40  240 240 40  240 240 40  192 168 40  192 168 40  64 64 64
64 64 64  192 168 40  64 64 64  192 168 40  240 240 40  240 240 40  240 240 40  240 240 40  240 240 40  192 168 40  192 168 40  192 168 40  64 64 64
64 64 64  192 168 40  64 64 64  192 168 40  192 168 40  192 168 40  64 64 64  64 64 64  64 64 64  192 168 40  192 168 40  64 64 64  255 255 255
255 255 255  64 64 64  192 168 40  192 168 40  192 168 40  64 64 64  248 248 248  64 64 64  192 168 40  192 168 40  64 64 64  64 64 64  255 255 255
255 255 255  255 255 255  64 64 64  96 96 88  192 168 40  192 168 40  192 168 40  192 168 40  96 96 88  96 96 88  192 168 40  64 64 64  255 255 255
255 255 255  255 255 255  64 64 64  192 168 40  96 96 88  96 96 88  96 96 88  96 96 88  192 168 40  192 168 40  192 168 40  64 64 64  255 255 255
255 255 255  255 255 255  255 255 255  64 64 64  240 240 40  240 240 40  192 168 40  192 168 40  192 168 40  192 168 40  192 168 40  64 64 64  255 255 255
255 255 255  255 255 255  255 255 255  64 64 64  240 240 40  240 240 40  240 240 40  192 168 40  240 240 40  192 168 40  64 64 64  255 255 255  255 255 255
255 255 255  255 255 255  255 255 255  255 255 255  96 96 88  240 240 40  240 240 40  192 168 40  240 240 40  192 168 40  96 96 88  255 255 255  255 255 255
255 255 255  255 255 255  255 255 255  255 255 255  96 96 88  240 240 40  192 168 40  240 240 40  192 168 40  96 96 88  255 255 255  255 255 255  255 255 255
255 255 255  255 255 255  255 255 255  255 255 255  255 255 255  96 96 88  240 240 40  192 168 40  192 168 40  96 96 88  255 255 255  255 255 255  255 255 255
255 255 255  255 255 255  255 255 255  255 255 255  255 255 255  96 96 88  240 240 40  192 168 40  96 96 88  255 255 255  255 255 255  255 255 255  255 255 255
255 255 255  255 255 255  255 255 255  255 255 255  255 255 255  255 255 255  96 96 88  96 96 88  255 255 255  255 255 255  255 255 255  255 255 255  255 255 255
