20
26
255 255 255  255 255 255  255 255 255  255 255 255  255 255 255  255 255 255  255 255 255  255 255 255  255 255 255  255 255 255  255 255 255  255 255 255  255 255 255  255 255 255  255 255 255  255 255 255  255 255 255  64 64 64  64 64 64  255 255 255  255 255 255  255 255 255  255 255 255  255 255 255  255 255 255  255 255 255
255 255 255  255 255 255  255 255 255  255 255 255  255 255 255  255 255 255  255 255 255  255 255 255  255 255 255  64 64 64  64 64 64  64 64 64  255 255 255  255 255 255  255 255 255  255 255 255  64 64 64  248 248 248  160 168 240  64 64 64  255 255 255  255 255 255  255 255 255  255 255 255  255 255 255  255 255 255
255 255 255  255 255 255  255 255 255  64 64 64  64 64 64  64 64 64  255 255 255  255 255 255  64 64 64  64 64 64  64 64 64  64 64 64  64 64 64  255 255 255  255 255 255  64 64 64  248 248 248  160 168 240  160 168 240  64 64 64  255 255 255  255 255 255  255 255 255  255 255 255  255 255 255  255 255 255
255 255 255  255 255 255  64 64 64  64 64 64  64 64 64  64 64 64  64 64 64  255 255 255  64 64 64  64 64 64  96 96 88  255 255 255  64 64 64  255 255 255  255 255 255  64 64 64  248 248 248  160 168 240  160 168 240  64 64 64  255 255 255  255 255 255  64 64 64  64 64 64  255 255 255  255 255 255
255 255 255  255 255 255  64 64 64  64 64 64  96 96 88  255 255 255  64 64 64  64 64 64  255 255 255  255 255 255  255 255 255  255 255 255  64 64 64  255 255 255  64 64 64  248 248 248  160 168 240  160 168 240  64 64 64  200 200 168  64 64 64  64 64 64  248 248 248  248 248 248  64 64 64  255 255 255
255 255 255  255 255 255  255 255 255  255 255 255  255 255 255  255 255 255  255 255 255  64 64 64  255 255 255  64 64 64  64 64 64  64 64 64  64 64 64  255 255 255  64 64 64  248 248 248  160 168 240  160 168 240  64 64 64  64 64 64  248 248 248  248 248 248  160 168 240  160 168 240  64 64 64  255 255 255
255 255 255  255 255 255  255 255 255  255 255 255  255 255 255  255 255 255  255 255 255  64 64 64  64 64 64  240 240 40  240 240 40  64 64 64  64 64 64  255 255 255  64 64 64  248 248 248  160 168 240  160 168 240  64 64 64  248 248 248  160 168 240  112 112 200  112 112 200  112 112 200  64 64 64  255 255 255
255 255 255  255 255 255  255 255 255  255 255 255  255 255 255  255 255 255  64 64 64  240 240 40  64 64 64  240 240 40  96 96 88  64 64 64  240 240 40  64 64 64  64 64 64  248 248 248  160 168 240  64 64 64  248 248 248  112 112 200  160 168 240  160 168 240  160 168 240  64 64 64  255 255 255  255 255 255
255 255 255  255 255 255  255 255 255  255 255 255  255 255 255  64 64 64  240 96 80  240 240 40  240 240 40  240 240 40  64 64 64  240 240 40  240 240 40  240 240 40  64 64 64  248 248 248  160 168 240  64 64 64  248 248 248  160 168 240  112 112 200  160 168 240  64 64 64  255 255 255  255 255 255  255 255 255
255 255 255  255 255 255  255 255 255  255 255 255  255 255 255  64 64 64  248 248 248  240 240 40  240 240 40  240 240 40  240 240 40  240 240 40  240 240 40  240 240 40  192 168 40  248 248 248  64 64 64  248 248 248  160 168 240  160 168 240  64 64 64  64 64 64  255 255 255  255 255 255  255 255 255  255 255 255
255 255 255  255 255 255  255 255 255  96 96 88  96 96 88  64 64 64  240 96 80  240 240 40  240 240 40  240 240 40  240 240 40  240 96 80  240 96 80  240 240 40  192 168 40  192 168 40  64 64 64  160 168 240  64 64 64  64 64 64  112 112 200  112 112 200  64 64 64  255 255 255  255 255 255  255 255 255
255 255 255  255 255 255  96 96 88  248 248 248  160 168 240  64 64 64  240 96 80  240 240 40  240 240 40  240 240 40  240 96 80  248 248 248  240 96 80  240 96 80  64 64 64  192 168 40  192 168 40  64 64 64  112 112 200  112 112 200  112 112 200  112 112 200  112 112 200  64 64 64  255 255 255  255 255 255
255 255 255  96 96 88  248 248 248  160 168 240  160 168 240  96 96 88  64 64 64  240 240 40  240 240 40  240 240 40  240 96 80  240 96 80  240 96 80  240 96 80  64 64 64  64 64 64  192 168 40  64 64 64  64 64 64  160 168 240  112 112 200  160 168 240  64 64 64  96 96 88  96 96 88  96 96 88
96 96 88  248 248 248  160 168 240  96 96 88  96 96 88  96 96 88  64 64 64  192 168 40  240 240 40  240 240 40  240 96 80  240 96 80  240 96 80  64 64 64  192 168 40  64 64 64  64 64 64  96 96 88  240 240 40  64 64 64  64 64 64  64 64 64  96 96 88  240 240 40  192 168 40  96 96 88
96 96 88  96 96 88  96 96 88  255 255 255  255 255 255  255 255 255  255 255 255  64 64 64  192 168 40  192 168 40  192 168 40  64 64 64  64 64 64  64 64 64  64 64 64  64 64 64  96 96 88  96 96 88  240 240 40  96 96 88  96 96 88  192 168 40  96 96 88  192 168 40  96 96 88  255 255 255
255 255 255  255 255 255  255 255 255  255 255 255  255 255 255  255 255 255  255 255 255  255 255 255  64 64 64  64 64 64  64 64 64  96 152 128  64 64 64  64 64 64  96 96 88  96 96 88  96 96 88  240 240 40  240 240 40  96 96 88  96 96 88  192 168 40  96 96 88  96 96 88  255 255 255  255 255 255
255 255 255  255 255 255  255 255 255  255 255 255  255 255 255  255 255 255  255 255 255  255 255 255  96 96 88  248 248 248  248 248 248  64 64 64  64 64 64  255 255 255  255 255 255  64 64 64  64 64 64  192 168 40  96 96 88  96 96 88  192 168 40  96 96 88  255 255 255  255 255 255  255 255 255  255 255 255
255 255 255  255 255 255  255 255 255  255 255 255  255 255 255  255 255 255  255 255 255  96 96 88  248 248 248  248 248 248  160 168 240  160 168 240  96 96 88  255 255 255  255 255 255  255 255 255  255 255 255  64 64 64  64 64 64  64 64 64  96 96 88  255 255 255  255 255 255  255 255 255  255 255 255  255 255 255
255 255 255  255 255 255  255 255 255  255 255 255  255 255 255  255 255 255  96 96 88  248 248 248  160 168 240  160 168 240  112 112 200  96 96 88  96 96 88  255 255 255  255 255 255  255 255 255  255 255 255  255 255 255  255 255 255  255 255 255  255 255 255  255 255 255  255 255 255  255 255 255  255 255 255  255 255 255
255 255 255  255 255 255  255 255 255  255 255 255  255 255 255  255 255 255  96 96 88  96 96 88  96 96 88  96 96 88  96 96 88  255 255 255  255 255 255  255 255 255  255 255 255  255 255 255  255 255 255  255 255 255  255 255 255  255 255 255  255 255 255  255 255 255  255 255 255  255 255 255  255 255 255  255 255 255
