20
30
255 255 255  255 255 255  255 255 255  255 255 255  255 255 255  255 255 255  255 255 255  255 255 255  255 255 255  255 255 255  255 255 255  255 255 255  255 255 255  255 255 255  255 255 255  255 255 255  255 255 255  255 255 255  255 255 255  255 255 255  255 255 255  255 255 255  255 255 255  255 255 255  255 255 255  64 64 64  64 64 64  64 64 64  255 255 255  255 255 255
255 255 255  255 255 255  255 255 255  255 255 255  255 255 255  255 255 255  255 255 255  255 255 255  255 255 255  255 255 255  255 255 255  255 255 255  255 255 255  255 255 255  255 255 255  255 255 255  255 255 255  64 64 64  255 255 255  255 255 255  255 255 255  255 255 255  255 255 255  255 255 255  64 64 64  240 144 40  240 144 40  208 96 64  64 64 64  64 64 64
255 255 255  255 255 255  255 255 255  255 255 255  255 255 255  255 255 255  255 255 255  255 255 255  255 255 255  255 255 255  255 255 255  255 255 255  255 255 255  255 255 255  255 255 255  255 255 255  64 64 64  248 248 248  64 64 64  255 255 255  255 255 255  255 255 255  255 255 255  255 255 255  64 64 64  240 144 40  208 96 64  240 144 40  240 144 40  64 64 64
255 255 255  255 255 255  255 255 255  255 255 255  255 255 255  255 255 255  255 255 255  255 255 255  255 255 255  255 255 255  255 255 255  255 255 255  255 255 255  255 255 255  255 255 255  64 64 64  64 64 64  248 248 248  64 64 64  64 64 64  255 255 255  255 255 255  255 255 255  64 64 64  240 144 40  240 144 40  208 96 64  240 144 40  208 96 64  64 64 64
255 255 255  255 255 255  255 255 255  255 255 255  255 255 255  255 255 255  255 255 255  64 64 64  64 64 64  255 255 255  255 255 255  255 255 255  255 255 255  255 255 255  64 64 64  248 248 248  248 248 248  248 248 248  64 64 64  248 248 248  64 64 64  64 64 64  64 64 64  240 144 40  240 144 40  208 96 64  240 144 40  208 96 64  64 64 64  255 255 255
255 255 255  255 255 255  255 255 255  255 255 255  255 255 255  64 64 64  64 64 64  248 176 160  64 64 64  255 255 255  255 255 255  255 255 255  96 96 88  96 96 88  64 64 64  64 64 64  248 248 248  248 248 248  248 248 248  248 248 248  64 64 64  64 64 64  64 64 64  240 144 40  240 144 40  240 144 40  208 96 64  64 64 64  255 255 255  255 255 255
255 255 255  255 255 255  255 255 255  255 255 255  64 64 64  248 176 160  64 64 64  248 176 160  232 112 152  64 64 64  255 255 255  96 96 88  208 96 64  64 64 64  248 248 248  248 248 248  248 248 248  248 248 248  184 184 184  64 64 64  248 248 248  248 248 248  248 248 248  64 64 64  240 144 40  208 96 64  64 64 64  255 255 255  255 255 255  255 255 255
255 255 255  255 255 255  255 255 255  255 255 255  64 64 64  248 176 160  232 112 152  64 64 64  232 112 152  64 64 64  64 64 64  64 64 64  64 64 64  64 64 64  64 64 64  184 184 184  184 184 184  184 184 184  64 64 64  248 248 248  248 248 248  64 64 64  64 64 64  64 64 64  64 64 64  64 64 64  255 255 255  255 255 255  255 255 255  255 255 255
255 255 255  255 255 255  255 255 255  255 255 255  64 64 64  64 64 64  232 112 152  64 64 64  232 112 152  232 112 152  232 112 152  240 144 40  240 144 40  240 144 40  240 144 40  64 64 64  64 64 64  240 144 40  64 64 64  64 64 64  64 64 64  240 144 40  240 144 40  240 144 40  240 144 40  64 64 64  64 64 64  255 255 255  255 255 255  255 255 255
255 255 255  255 255 255  255 255 255  64 64 64  248 176 160  64 64 64  232 112 152  232 112 152  232 112 152  64 64 64  64 64 64  208 96 64  208 96 64  208 96 64  208 96 64  208 96 64  240 144 40  240 144 40  240 144 40  240 144 40  240 144 40  240 144 40  240 144 40  240 144 40  240 144 40  240 144 40  240 144 40  64 64 64  255 255 255  255 255 255
255 255 255  255 255 255  255 255 255  64 64 64  248 176 160  232 112 152  64 64 64  232 112 152  64 64 64  208 96 64  208 96 64  64 64 64  64 64 64  64 64 64  208 96 64  208 96 64  208 96 64  208 96 64  208 96 64  240 144 40  208 96 64  64 64 64  240 144 40  240 144 40  240 144 40  240 144 40  208 96 64  208 96 64  64 64 64  255 255 255
255 255 255  255 255 255  255 255 255  255 255 255  64 64 64  232 112 152  232 112 152  232 112 152  64 64 64  208 96 64  208 96 64  64 64 64  255 255 255  64 64 64  64 64 64  64 64 64  208 96 64  208 96 64  208 96 64  208 96 64  208 96 64  208 96 64  64 64 64  240 144 40  208 96 64  240 144 40  240 144 40  96 96 88  64 64 64  255 255 255
255 255 255  255 255 255  255 255 255  255 255 255  64 64 64  64 64 64  232 112 152  64 64 64  248 248 248  208 96 64  208 96 64  64 64 64  255 255 255  64 64 64  208 96 64  208 96 64  208 96 64  208 96 64  208 96 64  208 96 64  208 96 64  208 96 64  64 64 64  240 144 40  240 144 40  64 64 64  240 144 40  96 96 88  96 96 88  96 96 88
255 255 255  255 255 255  255 255 255  64 64 64  248 176 160  64 64 64  64 64 64  64 64 64  248 248 248  208 96 64  64 64 64  255 255 255  255 255 255  255 255 255  96 96 88  208 96 64  208 96 64  208 96 64  208 96 64  208 96 64  208 96 64  208 96 64  208 96 64  64 64 64  240 144 40  64 64 64  184 184 184  184 184 184  96 96 88  96 96 88
255 255 255  255 255 255  255 255 255  64 64 64  248 176 160  232 112 152  64 64 64  208 96 64  64 64 64  64 64 64  255 255 255  255 255 255  255 255 255  96 96 88  232 112 152  96 96 88  96 96 88  208 96 64  208 96 64  208 96 64  208 96 64  208 96 64  96 96 88  64 64 64  248 248 248  184 184 184  96 96 88  184 184 184  96 96 88  96 96 88
255 255 255  255 255 255  64 64 64  248 176 160  232 112 152  64 64 64  64 64 64  64 64 64  255 255 255  255 255 255  255 255 255  255 255 255  96 96 88  248 176 160  96 96 88  255 255 255  255 255 255  96 96 88  96 96 88  96 96 88  96 96 88  96 96 88  255 255 255  64 64 64  248 248 248  248 248 248  96 96 88  184 184 184  96 96 88  96 96 88
255 255 255  255 255 255  64 64 64  248 176 160  64 64 64  255 255 255  255 255 255  255 255 255  255 255 255  255 255 255  255 255 255  255 255 255  96 96 88  96 96 88  255 255 255  255 255 255  96 96 88  232 112 152  96 96 88  255 255 255  255 255 255  255 255 255  255 255 255  255 255 255  96 96 88  248 248 248  96 96 88  184 184 184  96 96 88  255 255 255
255 255 255  64 64 64  248 176 160  64 64 64  255 255 255  255 255 255  255 255 255  255 255 255  255 255 255  255 255 255  255 255 255  255 255 255  255 255 255  255 255 255  255 255 255  96 96 88  248 176 160  96 96 88  255 255 255  255 255 255  255 255 255  255 255 255  255 255 255  255 255 255  96 96 88  248 248 248  96 96 88  184 184 184  96 96 88  255 255 255
64 64 64  248 176 160  64 64 64  255 255 255  255 255 255  255 255 255  255 255 255  255 255 255  255 255 255  255 255 255  255 255 255  255 255 255  255 255 255  255 255 255  255 255 255  96 96 88  96 96 88  255 255 255  255 255 255  255 255 255  255 255 255  255 255 255  255 255 255  255 255 255  96 96 88  184 184 184  96 96 88  96 96 88  255 255 255  255 255 255
64 64 64  64 64 64  255 255 255  255 255 255  255 255 255  255 255 255  255 255 255  255 255 255  255 255 255  255 255 255  255 255 255  255 255 255  255 255 255  255 255 255  255 255 255  255 255 255  255 255 255  255 255 255  255 255 255  255 255 255  255 255 255  255 255 255  255 255 255  255 255 255  255 255 255  96 96 88  96 96 88  255 255 255  255 255 255  255 255 255
