20
17
255 255 255  255 255 255  255 255 255  255 255 255  255 255 255  255 255 255  255 255 255  64 64 64  64 64 64  64 64 64  255 255 255  255 255 255  255 255 255  255 255 255  255 255 255  255 255 255  255 255 255
255 255 255  255 255 255  255 255 255  255 255 255  255 255 255  255 255 255  64 64 64  192 160 200  192 160 200  192 160 200  64 64 64  64 64 64  255 255 255  255 255 255  255 255 255  255 255 255  255 255 255
255 255 255  255 255 255  255 255 255  255 255 255  64 64 64  64 64 64  192 160 200  192 160 200  192 160 200  192 160 200  192 160 200  192 160 200  64 64 64  255 255 255  255 255 255  255 255 255  255 255 255
255 255 255  255 255 255  255 255 255  64 64 64  240 240 40  144 120 200  192 160 200  192 160 200  192 160 200  192 160 200  192 160 200  192 160 200  192 160 200  64 64 64  255 255 255  255 255 255  255 255 255
255 255 255  255 255 255  64 64 64  192 160 200  192 160 200  192 160 200  144 120 200  144 120 200  192 160 200  192 160 200  192 160 200  192 160 200  192 160 200  64 64 64  255 255 255  255 255 255  255 255 255
255 255 255  255 255 255  64 64 64  144 120 200  192 160 200  192 160 200  192 160 200  192 160 200  240 240 40  240 240 40  192 160 200  192 160 200  144 120 200  144 120 200  64 64 64  255 255 255  255 255 255
255 255 255  255 255 255  255 255 255  64 64 64  144 120 200  144 120 200  144 120 200  192 160 200  240 240 40  240 240 40  192 160 200  144 120 200  144 120 200  144 120 200  64 64 64  255 255 255  255 255 255
255 255 255  255 255 255  255 255 255  255 255 255  64 64 64  64 64 64  64 64 64  64 64 64  144 120 200  144 120 200  144 120 200  144 120 200  144 120 200  144 120 200  64 64 64  255 255 255  255 255 255
255 255 255  255 255 255  255 255 255  255 255 255  64 64 64  192 160 200  192 160 200  144 120 200  144 120 200  64 64 64  144 120 200  144 120 200  144 120 200  144 120 200  64 64 64  255 255 255  255 255 255
255 255 255  96 96 88  255 255 255  255 255 255  255 255 255  64 64 64  64 64 64  64 64 64  64 64 64  144 120 200  144 120 200  144 120 200  144 120 200  144 120 200  64 64 64  255 255 255  255 255 255
96 96 88  240 240 40  96 96 88  255 255 255  255 255 255  255 255 255  255 255 255  255 255 255  64 64 64  192 168 40  144 120 200  144 120 200  144 120 200  192 168 40  64 64 64  255 255 255  255 255 255
96 96 88  192 168 40  96 96 88  255 255 255  255 255 255  255 255 255  96 96 88  96 96 88  64 64 64  240 240 40  192 168 40  192 168 40  192 168 40  64 64 64  96 96 88  255 255 255  255 255 255
96 96 88  240 240 40  192 168 40  96 96 88  96 96 88  96 96 88  144 120 200  64 64 64  192 160 200  240 240 40  240 240 40  240 240 40  192 168 40  64 64 64  192 168 40  96 96 88  255 255 255
255 255 255  96 96 88  240 240 40  240 240 40  144 120 200  144 120 200  64 64 64  240 240 40  192 160 200  192 160 200  240 240 40  240 240 40  64 64 64  96 96 88  192 168 40  192 168 40  96 96 88
255 255 255  255 255 255  96 96 88  96 96 88  144 120 200  144 120 200  64 64 64  240 240 40  192 160 200  192 160 200  192 160 200  192 160 200  96 96 88  144 120 200  144 120 200  192 168 40  96 96 88
255 255 255  255 255 255  255 255 255  255 255 255  96 96 88  96 96 88  64 64 64  240 240 40  240 240 40  192 160 200  192 160 200  192 160 200  144 120 200  144 120 200  144 120 200  144 120 200  96 96 88
255 255 255  255 255 255  255 255 255  255 255 255  255 255 255  255 255 255  96 96 88  192 168 40  240 240 40  192 160 200  144 120 200  144 120 200  144 120 200  144 120 200  144 120 200  144 120 200  96 96 88
255 255 255  255 255 255  255 255 255  255 255 255  255 255 255  255 255 255  255 255 255  96 96 88  192 168 40  192 168 40  192 168 40  144 120 200  144 120 200  144 120 200  144 120 200  96 96 88  255 255 255
255 255 255  255 255 255  255 255 255  255 255 255  255 255 255  255 255 255  255 255 255  255 255 255  96 96 88  96 96 88  192 168 40  192 168 40  192 168 40  96 96 88  96 96 88  255 255 255  255 255 255
255 255 255  255 255 255  255 255 255  255 255 255  255 255 255  255 255 255  255 255 255  255 255 255  255 255 255  255 255 255  96 96 88  96 96 88  96 96 88  255 255 255  255 255 255  255 255 255  255 255 255
