20
19
255 255 255  255 255 255  255 255 255  255 255 255  255 255 255  64 64 64  64 64 64  255 255 255  255 255 255  255 255 255  255 255 255  255 255 255  255 255 255  255 255 255  255 255 255  255 255 255  64 64 64  255 255 255  255 255 255
255 255 255  255 255 255  255 255 255  255 255 255  64 64 64  96 96 88  64 64 64  255 255 255  255 255 255  255 255 255  255 255 255  255 255 255  255 255 255  255 255 255  255 255 255  64 64 64  240 240 40  64 64 64  255 255 255
255 255 255  255 255 255  255 255 255  255 255 255  64 64 64  240 240 40  64 64 64  255 255 255  255 255 255  255 255 255  255 255 255  255 255 255  255 255 255  255 255 255  64 64 64  240 240 40  192 168 40  192 168 40  64 64 64
255 255 255  255 255 255  255 255 255  64 64 64  240 240 40  240 240 40  64 64 64  255 255 255  255 255 255  255 255 255  255 255 255  64 64 64  64 64 64  64 64 64  240 240 40  192 168 40  192 168 40  192 168 40  64 64 64
255 255 255  255 255 255  255 255 255  64 64 64  240 240 40  192 168 40  64 64 64  255 255 255  255 255 255  64 64 64  64 64 64  96 96 88  96 96 88  64 64 64  192 168 40  192 168 40  192 168 40  64 64 64  255 255 255
255 255 255  255 255 255  64 64 64  240 240 40  240 240 40  240 240 40  240 240 40  64 64 64  64 64 64  240 240 40  240 240 40  96 96 88  64 64 64  192 168 40  192 168 40  192 168 40  64 64 64  255 255 255  255 255 255
255 255 255  64 64 64  240 240 40  240 240 40  240 240 40  240 240 40  240 240 40  240 240 40  240 240 40  240 240 40  240 240 40  64 64 64  64 64 64  192 168 40  192 168 40  64 64 64  255 255 255  255 255 255  255 255 255
64 64 64  248 248 248  240 240 40  240 240 40  240 240 40  240 240 40  240 240 40  240 240 40  240 240 40  240 240 40  192 168 40  64 64 64  200 200 168  64 64 64  192 168 40  192 168 40  64 64 64  255 255 255  255 255 255
64 64 64  64 64 64  240 240 40  240 240 40  240 240 40  240 240 40  240 240 40  240 240 40  240 240 40  240 240 40  240 240 40  64 64 64  200 200 168  200 200 168  96 96 88  192 168 40  96 96 88  255 255 255  255 255 255
64 64 64  240 240 40  240 240 40  240 240 40  240 240 40  248 248 248  64 64 64  240 240 40  240 240 40  240 240 40  240 240 40  192 168 40  64 64 64  96 96 88  192 168 40  96 96 88  255 255 255  255 255 255  255 255 255
255 255 255  64 64 64  240 240 40  240 240 40  240 240 40  64 64 64  64 64 64  240 96 80  240 96 80  240 240 40  192 168 40  192 168 40  64 64 64  96 96 88  96 96 88  255 255 255  255 255 255  255 255 255  255 255 255
255 255 255  255 255 255  64 64 64  192 168 40  240 240 40  240 240 40  240 240 40  240 96 80  192 168 40  192 168 40  192 168 40  96 96 88  96 96 88  64 64 64  255 255 255  255 255 255  255 255 255  255 255 255  255 255 255
255 255 255  64 64 64  240 240 40  192 168 40  192 168 40  192 168 40  192 168 40  192 168 40  192 168 40  192 168 40  192 168 40  192 168 40  192 168 40  64 64 64  255 255 255  255 255 255  255 255 255  255 255 255  255 255 255
255 255 255  255 255 255  64 64 64  64 64 64  240 240 40  240 240 40  240 240 40  240 240 40  240 240 40  64 64 64  192 168 40  192 168 40  96 96 88  64 64 64  255 255 255  255 255 255  255 255 255  255 255 255  255 255 255
255 255 255  255 255 255  255 255 255  96 96 88  192 168 40  240 240 40  240 240 40  240 240 40  64 64 64  240 240 40  192 168 40  192 168 40  192 168 40  96 96 88  255 255 255  255 255 255  255 255 255  255 255 255  255 255 255
255 255 255  255 255 255  96 96 88  192 168 40  96 96 88  192 168 40  192 168 40  192 168 40  192 168 40  64 64 64  192 168 40  192 168 40  192 168 40  96 96 88  255 255 255  255 255 255  255 255 255  255 255 255  255 255 255
255 255 255  255 255 255  96 96 88  96 96 88  96 96 88  96 96 88  96 96 88  192 168 40  192 168 40  192 168 40  192 168 40  192 168 40  96 96 88  255 255 255  255 255 255  255 255 255  255 255 255  255 255 255  255 255 255
255 255 255  255 255 255  255 255 255  255 255 255  255 255 255  255 255 255  255 255 255  96 96 88  96 96 88  96 96 88  192 168 40  96 96 88  96 96 88  255 255 255  255 255 255  255 255 255  255 255 255  255 255 255  255 255 255
255 255 255  255 255 255  255 255 255  255 255 255  255 255 255  255 255 255  255 255 255  255 255 255  96 96 88  240 240 40  240 240 40  192 168 40  96 96 88  255 255 255  255 255 255  255 255 255  255 255 255  255 255 255  255 255 255
255 255 255  255 255 255  255 255 255  255 255 255  255 255 255  255 255 255  255 255 255  255 255 255  255 255 255  96 96 88  96 96 88  96 96 88  255 255 255  255 255 255  255 255 255  255 255 255  255 255 255  255 255 255  255 255 255
