21
24
255 255 255  255 255 255  255 255 255  255 255 255  255 255 255  64 64 64  64 64 64  64 64 64  255 255 255  255 255 255  255 255 255  255 255 255  255 255 255  255 255 255  255 255 255  255 255 255  255 255 255  255 255 255  255 255 255  255 255 255  255 255 255  255 255 255  255 255 255  255 255 255
255 255 255  255 255 255  255 255 255  255 255 255  64 64 64  96 96 88  64 64 64  255 255 255  255 255 255  255 255 255  255 255 255  255 255 255  255 255 255  64 64 64  64 64 64  64 64 64  64 64 64  255 255 255  255 255 255  255 255 255  255 255 255  64 64 64  255 255 255  255 255 255
255 255 255  255 255 255  255 255 255  64 64 64  96 96 88  96 96 88  64 64 64  255 255 255  255 255 255  255 255 255  255 255 255  64 64 64  64 64 64  96 96 88  96 96 88  64 64 64  255 255 255  255 255 255  255 255 255  255 255 255  255 255 255  64 64 64  255 255 255  255 255 255
255 255 255  255 255 255  255 255 255  64 64 64  96 96 88  64 64 64  255 255 255  255 255 255  255 255 255  255 255 255  64 64 64  96 96 88  128 128 112  240 240 40  240 240 40  255 255 255  255 255 255  255 255 255  255 255 255  255 255 255  64 64 64  240 240 40  64 64 64  255 255 255
255 255 255  255 255 255  255 255 255  64 64 64  96 96 88  64 64 64  64 64 64  64 64 64  64 64 64  64 64 64  96 96 88  128 128 112  240 240 40  240 240 40  240 240 40  64 64 64  255 255 255  255 255 255  255 255 255  255 255 255  64 64 64  240 240 40  64 64 64  255 255 255
255 255 255  255 255 255  64 64 64  240 144 40  240 144 40  240 144 40  240 144 40  240 144 40  64 64 64  96 96 88  96 96 88  240 240 40  240 240 40  64 64 64  64 64 64  64 64 64  255 255 255  255 255 255  255 255 255  255 255 255  64 64 64  240 240 40  64 64 64  255 255 255
255 255 255  64 64 64  240 144 40  240 144 40  240 144 40  240 144 40  240 144 40  240 144 40  240 144 40  96 96 88  96 96 88  240 240 40  64 64 64  255 255 255  255 255 255  64 64 64  255 255 255  255 255 255  255 255 255  255 255 255  64 64 64  240 240 40  240 240 40  64 64 64
64 64 64  248 248 248  240 144 40  240 144 40  240 144 40  240 144 40  240 144 40  240 144 40  240 144 40  240 144 40  240 144 40  64 64 64  64 64 64  255 255 255  96 96 88  255 255 255  255 255 255  255 255 255  255 255 255  255 255 255  64 64 64  240 240 40  240 240 40  64 64 64
64 64 64  64 64 64  240 144 40  240 144 40  240 144 40  240 144 40  240 144 40  240 144 40  240 144 40  240 144 40  240 144 40  240 144 40  64 64 64  255 255 255  255 255 255  255 255 255  255 255 255  64 64 64  64 64 64  64 64 64  240 240 40  240 240 40  240 240 40  96 96 88
64 64 64  240 144 40  240 144 40  240 144 40  240 144 40  248 248 248  64 64 64  240 144 40  240 144 40  240 144 40  240 144 40  240 144 40  96 96 88  64 64 64  255 255 255  255 255 255  96 96 88  128 128 112  240 240 40  240 240 40  240 240 40  96 96 88  96 96 88  96 96 88
255 255 255  64 64 64  240 144 40  240 144 40  240 144 40  64 64 64  64 64 64  240 240 40  240 240 40  240 144 40  240 144 40  240 144 40  240 144 40  64 64 64  255 255 255  255 255 255  64 64 64  64 64 64  64 64 64  240 240 40  240 240 40  96 96 88  255 255 255  255 255 255
255 255 255  255 255 255  64 64 64  208 96 64  240 144 40  240 144 40  240 144 40  240 240 40  240 240 40  240 144 40  240 144 40  240 144 40  240 144 40  96 96 88  64 64 64  255 255 255  64 64 64  200 200 168  200 200 168  96 96 88  240 240 40  96 96 88  255 255 255  255 255 255
255 255 255  64 64 64  96 96 88  208 96 64  208 96 64  208 96 64  240 144 40  240 144 40  240 144 40  240 144 40  240 144 40  240 144 40  240 144 40  96 96 88  64 64 64  255 255 255  255 255 255  64 64 64  64 64 64  200 200 168  96 96 88  255 255 255  255 255 255  255 255 255
255 255 255  255 255 255  64 64 64  64 64 64  248 248 248  248 248 248  240 144 40  240 144 40  240 144 40  240 144 40  240 144 40  240 144 40  64 64 64  208 96 64  64 64 64  255 255 255  255 255 255  255 255 255  96 96 88  96 96 88  255 255 255  255 255 255  255 255 255  255 255 255
255 255 255  255 255 255  255 255 255  255 255 255  64 64 64  248 248 248  248 248 248  248 248 248  240 144 40  64 64 64  240 144 40  208 96 64  64 64 64  208 96 64  96 96 88  64 64 64  96 96 88  255 255 255  255 255 255  64 64 64  255 255 255  255 255 255  255 255 255  255 255 255
255 255 255  255 255 255  255 255 255  255 255 255  96 96 88  248 248 248  248 248 248  248 248 248  248 248 248  64 64 64  96 96 88  64 64 64  208 96 64  208 96 64  96 96 88  255 255 255  96 96 88  64 64 64  64 64 64  255 255 255  255 255 255  255 255 255  255 255 255  255 255 255
255 255 255  255 255 255  255 255 255  96 96 88  128 128 112  96 96 88  248 248 248  248 248 248  248 248 248  248 248 248  64 64 64  208 96 64  208 96 64  208 96 64  96 96 88  255 255 255  255 255 255  255 255 255  255 255 255  255 255 255  255 255 255  255 255 255  255 255 255  255 255 255
255 255 255  255 255 255  255 255 255  96 96 88  96 96 88  96 96 88  96 96 88  96 96 88  248 248 248  248 248 248  208 96 64  208 96 64  208 96 64  96 96 88  255 255 255  255 255 255  255 255 255  255 255 255  255 255 255  255 255 255  255 255 255  255 255 255  255 255 255  255 255 255
255 255 255  255 255 255  255 255 255  255 255 255  255 255 255  255 255 255  255 255 255  255 255 255  96 96 88  96 96 88  96 96 88  208 96 64  96 96 88  96 96 88  255 255 255  255 255 255  255 255 255  255 255 255  255 255 255  255 255 255  255 255 255  255 255 255  255 255 255  255 255 255
255 255 255  255 255 255  255 255 255  255 255 255  255 255 255  255 255 255  255 255 255  255 255 255  255 255 255  96 96 88  128 128 112  208 96 64  208 96 64  96 96 88  255 255 255  255 255 255  255 255 255  255 255 255  255 255 255  255 255 255  255 255 255  255 255 255  255 255 255  255 255 255
255 255 255  255 255 255  255 255 255  255 255 255  255 255 255  255 255 255  255 255 255  255 255 255  255 255 255  255 255 255  96 96 88  96 96 88  96 96 88  255 255 255  255 255 255  255 255 255  255 255 255  255 255 255  255 255 255  255 255 255  255 255 255  255 255 255  255 255 255  255 255 255
