22
22
255 255 255  255 255 255  255 255 255  64 64 64  255 255 255  255 255 255  255 255 255  255 255 255  255 255 255  255 255 255  255 255 255  255 255 255  255 255 255  255 255 255  255 255 255  255 255 255  255 255 255  255 255 255  255 255 255  255 255 255  255 255 255  255 255 255
255 255 255  255 255 255  64 64 64  160 168 240  64 64 64  255 255 255  255 255 255  255 255 255  255 255 255  255 255 255  255 255 255  255 255 255  255 255 255  255 255 255  255 255 255  255 255 255  255 255 255  255 255 255  255 255 255  255 255 255  255 255 255  255 255 255
255 255 255  255 255 255  64 64 64  160 168 240  64 64 64  255 255 255  255 255 255  255 255 255  255 255 255  255 255 255  255 255 255  255 255 255  64 64 64  64 64 64  64 64 64  255 255 255  255 255 255  255 255 255  255 255 255  255 255 255  255 255 255  255 255 255
255 255 255  64 64 64  160 168 240  160 168 240  112 112 200  64 64 64  255 255 255  64 64 64  255 255 255  255 255 255  64 64 64  64 64 64  160 168 240  160 168 240  160 168 240  64 64 64  64 64 64  255 255 255  255 255 255  255 255 255  255 255 255  255 255 255
255 255 255  64 64 64  160 168 240  112 112 200  112 112 200  64 64 64  64 64 64  160 168 240  64 64 64  64 64 64  160 168 240  160 168 240  96 96 88  96 96 88  96 96 88  160 168 240  160 168 240  64 64 64  255 255 255  255 255 255  255 255 255  255 255 255
255 255 255  64 64 64  112 112 200  64 64 64  64 64 64  160 168 240  64 64 64  112 112 200  64 64 64  160 168 240  160 168 240  96 96 88  176 128 88  176 128 88  176 128 88  64 64 64  64 64 64  255 255 255  255 255 255  255 255 255  255 255 255  255 255 255
255 255 255  255 255 255  64 64 64  160 168 240  64 64 64  160 168 240  160 168 240  112 112 200  64 64 64  160 168 240  96 96 88  176 128 88  176 128 88  176 128 88  176 128 88  64 64 64  255 255 255  255 255 255  255 255 255  255 255 255  255 255 255  255 255 255
255 255 255  255 255 255  64 64 64  160 168 240  112 112 200  160 168 240  160 168 240  160 168 240  96 96 88  160 168 240  176 128 88  176 128 88  176 128 88  176 128 88  112 112 200  64 64 64  64 64 64  64 64 64  64 64 64  64 64 64  255 255 255  255 255 255
255 255 255  64 64 64  112 112 200  112 112 200  160 168 240  160 168 240  160 168 240  160 168 240  112 112 200  160 168 240  176 128 88  176 128 88  176 128 88  112 112 200  96 96 88  64 64 64  112 112 200  160 168 240  160 168 240  64 64 64  255 255 255  255 255 255
255 255 255  64 64 64  160 168 240  160 168 240  160 168 240  160 168 240  160 168 240  112 112 200  112 112 200  112 112 200  112 112 200  112 112 200  96 96 88  96 96 88  112 112 200  96 96 88  64 64 64  112 112 200  64 64 64  255 255 255  255 255 255  255 255 255
64 64 64  160 168 240  160 168 240  160 168 240  112 112 200  160 168 240  64 64 64  248 248 248  112 112 200  112 112 200  112 112 200  112 112 200  112 112 200  112 112 200  112 112 200  112 112 200  112 112 200  64 64 64  255 255 255  255 255 255  255 255 255  255 255 255
64 64 64  112 112 200  160 168 240  160 168 240  160 168 240  64 64 64  240 96 80  248 248 248  112 112 200  112 112 200  112 112 200  112 112 200  112 112 200  112 112 200  112 112 200  96 96 88  112 112 200  112 112 200  64 64 64  255 255 255  255 255 255  255 255 255
255 255 255  64 64 64  112 112 200  112 112 200  112 112 200  112 112 200  112 112 200  112 112 200  232 192 136  96 96 88  112 112 200  112 112 200  112 112 200  112 112 200  112 112 200  64 64 64  160 168 240  112 112 200  64 64 64  64 64 64  255 255 255  255 255 255
255 255 255  96 96 88  64 64 64  64 64 64  64 64 64  64 64 64  232 192 136  232 192 136  64 64 64  112 112 200  112 112 200  112 112 200  112 112 200  64 64 64  64 64 64  160 168 240  160 168 240  112 112 200  64 64 64  160 168 240  64 64 64  255 255 255
96 96 88  248 248 248  112 112 200  112 112 200  96 96 88  64 64 64  64 64 64  64 64 64  112 112 200  112 112 200  112 112 200  112 112 200  64 64 64  248 248 248  160 168 240  160 168 240  112 112 200  64 64 64  112 112 200  112 112 200  160 168 240  96 96 88
96 96 88  112 112 200  248 248 248  96 96 88  255 255 255  255 255 255  255 255 255  96 96 88  232 192 136  112 112 200  112 112 200  232 192 136  232 192 136  64 64 64  248 248 248  112 112 200  64 64 64  112 112 200  96 96 88  96 96 88  96 96 88  255 255 255
255 255 255  96 96 88  96 96 88  255 255 255  255 255 255  255 255 255  96 96 88  160 168 240  112 112 200  112 112 200  112 112 200  232 192 136  232 192 136  232 192 136  64 64 64  64 64 64  112 112 200  112 112 200  96 96 88  255 255 255  255 255 255  255 255 255
255 255 255  255 255 255  255 255 255  255 255 255  255 255 255  255 255 255  96 96 88  160 168 240  232 192 136  112 112 200  112 112 200  112 112 200  232 192 136  232 192 136  160 168 240  160 168 240  112 112 200  112 112 200  96 96 88  255 255 255  255 255 255  255 255 255
255 255 255  255 255 255  255 255 255  255 255 255  255 255 255  96 96 88  248 248 248  96 96 88  96 96 88  232 192 136  232 192 136  232 192 136  96 96 88  160 168 240  160 168 240  160 168 240  160 168 240  112 112 200  96 96 88  255 255 255  255 255 255  255 255 255
255 255 255  255 255 255  255 255 255  255 255 255  255 255 255  255 255 255  96 96 88  96 96 88  96 96 88  96 96 88  96 96 88  96 96 88  96 96 88  160 168 240  96 96 88  112 112 200  96 96 88  96 96 88  96 96 88  255 255 255  255 255 255  255 255 255
255 255 255  255 255 255  255 255 255  255 255 255  255 255 255  255 255 255  255 255 255  255 255 255  255 255 255  255 255 255  255 255 255  255 255 255  255 255 255  96 96 88  248 248 248  112 112 200  248 248 248  96 96 88  255 255 255  255 255 255  255 255 255  255 255 255
255 255 255  255 255 255  255 255 255  255 255 255  255 255 255  255 255 255  255 255 255  255 255 255  255 255 255  255 255 255  255 255 255  255 255 255  255 255 255  255 255 255  96 96 88  96 96 88  96 96 88  255 255 255  255 255 255  255 255 255  255 255 255  255 255 255
