22
30
255 255 255  255 255 255  255 255 255  255 255 255  255 255 255  64 64 64  64 64 64  255 255 255  255 255 255  255 255 255  255 255 255  255 255 255  255 255 255  255 255 255  255 255 255  255 255 255  255 255 255  255 255 255  255 255 255  255 255 255  255 255 255  255 255 255  255 255 255  255 255 255  255 255 255  255 255 255  255 255 255  255 255 255  255 255 255  255 255 255
255 255 255  255 255 255  255 255 255  255 255 255  64 64 64  192 160 200  64 64 64  255 255 255  255 255 255  255 255 255  255 255 255  255 255 255  255 255 255  255 255 255  64 64 64  64 64 64  64 64 64  255 255 255  255 255 255  255 255 255  255 255 255  255 255 255  255 255 255  255 255 255  255 255 255  255 255 255  255 255 255  255 255 255  255 255 255  255 255 255
64 64 64  64 64 64  64 64 64  255 255 255  64 64 64  192 160 200  144 120 200  64 64 64  255 255 255  64 64 64  255 255 255  255 255 255  64 64 64  64 64 64  192 160 200  192 160 200  192 160 200  64 64 64  64 64 64  255 255 255  255 255 255  255 255 255  255 255 255  255 255 255  255 255 255  255 255 255  255 255 255  255 255 255  255 255 255  255 255 255
64 64 64  192 160 200  192 160 200  64 64 64  64 64 64  144 120 200  144 120 200  64 64 64  64 64 64  192 160 200  64 64 64  64 64 64  192 160 200  192 160 200  96 96 88  96 96 88  112 112 200  192 160 200  192 160 200  64 64 64  255 255 255  255 255 255  255 255 255  255 255 255  255 255 255  255 255 255  255 255 255  255 255 255  255 255 255  255 255 255
255 255 255  64 64 64  144 120 200  192 160 200  192 160 200  64 64 64  64 64 64  192 160 200  64 64 64  112 112 200  64 64 64  192 160 200  192 160 200  96 96 88  112 112 200  112 112 200  112 112 200  64 64 64  64 64 64  255 255 255  255 255 255  255 255 255  255 255 255  255 255 255  255 255 255  255 255 255  255 255 255  255 255 255  255 255 255  255 255 255
255 255 255  255 255 255  64 64 64  144 120 200  192 160 200  192 160 200  144 120 200  192 160 200  192 160 200  112 112 200  64 64 64  192 160 200  96 96 88  112 112 200  112 112 200  112 112 200  112 112 200  64 64 64  255 255 255  255 255 255  255 255 255  255 255 255  255 255 255  255 255 255  255 255 255  255 255 255  255 255 255  255 255 255  255 255 255  255 255 255
255 255 255  255 255 255  255 255 255  64 64 64  144 120 200  144 120 200  96 96 88  192 160 200  192 160 200  192 160 200  96 96 88  192 160 200  96 96 88  112 112 200  112 112 200  112 112 200  112 112 200  64 64 64  255 255 255  64 64 64  64 64 64  255 255 255  255 255 255  255 255 255  255 255 255  255 255 255  255 255 255  255 255 255  255 255 255  255 255 255
255 255 255  255 255 255  255 255 255  64 64 64  96 96 88  96 96 88  192 160 200  192 160 200  192 160 200  192 160 200  144 120 200  192 160 200  112 112 200  112 112 200  112 112 200  112 112 200  96 96 88  64 64 64  64 64 64  144 120 200  64 64 64  255 255 255  255 255 255  255 255 255  255 255 255  255 255 255  255 255 255  255 255 255  255 255 255  255 255 255
255 255 255  255 255 255  255 255 255  64 64 64  192 160 200  192 160 200  144 120 200  192 160 200  192 160 200  64 64 64  144 120 200  144 120 200  144 120 200  144 120 200  96 96 88  96 96 88  144 120 200  144 120 200  64 64 64  64 64 64  64 64 64  255 255 255  64 64 64  64 64 64  64 64 64  64 64 64  64 64 64  255 255 255  255 255 255  255 255 255
255 255 255  255 255 255  64 64 64  192 160 200  192 160 200  192 160 200  144 120 200  192 160 200  64 64 64  248 248 248  144 120 200  144 120 200  144 120 200  144 120 200  144 120 200  144 120 200  144 120 200  144 120 200  144 120 200  144 120 200  64 64 64  64 64 64  144 120 200  96 96 88  192 160 200  192 160 200  192 160 200  64 64 64  255 255 255  255 255 255
255 255 255  255 255 255  64 64 64  144 120 200  192 160 200  192 160 200  192 160 200  96 96 88  64 64 64  248 248 248  144 120 200  144 120 200  144 120 200  144 120 200  144 120 200  144 120 200  96 96 88  64 64 64  144 120 200  144 120 200  64 64 64  144 120 200  144 120 200  192 160 200  96 96 88  192 160 200  192 160 200  192 160 200  64 64 64  255 255 255
255 255 255  255 255 255  255 255 255  64 64 64  144 120 200  144 120 200  144 120 200  144 120 200  248 248 248  144 120 200  144 120 200  96 96 88  144 120 200  144 120 200  144 120 200  144 120 200  64 64 64  144 120 200  144 120 200  144 120 200  64 64 64  96 96 88  144 120 200  144 120 200  64 64 64  144 120 200  144 120 200  192 160 200  96 96 88  64 64 64
255 255 255  255 255 255  255 255 255  96 96 88  64 64 64  64 64 64  64 64 64  64 64 64  248 248 248  248 248 248  64 64 64  248 248 248  248 248 248  248 248 248  64 64 64  64 64 64  144 120 200  144 120 200  144 120 200  64 64 64  144 120 200  96 96 88  144 120 200  64 64 64  64 64 64  64 64 64  144 120 200  96 96 88  192 160 200  64 64 64
255 255 255  255 255 255  255 255 255  96 96 88  192 160 200  192 160 200  144 120 200  96 96 88  64 64 64  64 64 64  184 184 176  248 248 248  248 248 248  64 64 64  248 248 248  144 120 200  144 120 200  144 120 200  144 120 200  64 64 64  144 120 200  144 120 200  64 64 64  64 64 64  255 255 255  255 255 255  64 64 64  144 120 200  192 160 200  64 64 64
255 255 255  255 255 255  96 96 88  192 160 200  248 248 248  144 120 200  96 96 88  96 96 88  255 255 255  255 255 255  64 64 64  248 248 248  248 248 248  64 64 64  144 120 200  144 120 200  144 120 200  144 120 200  64 64 64  144 120 200  144 120 200  144 120 200  64 64 64  255 255 255  255 255 255  255 255 255  96 96 88  144 120 200  144 120 200  96 96 88
255 255 255  255 255 255  96 96 88  192 160 200  144 120 200  248 248 248  96 96 88  255 255 255  255 255 255  96 96 88  192 160 200  248 248 248  64 64 64  248 248 248  144 120 200  144 120 200  96 96 88  64 64 64  144 120 200  144 120 200  144 120 200  144 120 200  96 96 88  255 255 255  255 255 255  255 255 255  96 96 88  144 120 200  96 96 88  255 255 255
255 255 255  255 255 255  96 96 88  248 248 248  144 120 200  96 96 88  255 255 255  255 255 255  255 255 255  96 96 88  192 160 200  192 160 200  248 248 248  64 64 64  64 64 64  64 64 64  64 64 64  144 120 200  192 160 200  192 160 200  144 120 200  144 120 200  96 96 88  255 255 255  255 255 255  96 96 88  144 120 200  96 96 88  255 255 255  255 255 255
255 255 255  255 255 255  255 255 255  96 96 88  96 96 88  255 255 255  255 255 255  255 255 255  96 96 88  184 184 176  96 96 88  96 96 88  184 184 176  248 248 248  248 248 248  248 248 248  144 120 200  192 160 200  192 160 200  192 160 200  144 120 200  144 120 200  96 96 88  255 255 255  255 255 255  96 96 88  96 96 88  255 255 255  255 255 255  255 255 255
255 255 255  255 255 255  255 255 255  255 255 255  255 255 255  255 255 255  255 255 255  255 255 255  255 255 255  96 96 88  96 96 88  96 96 88  96 96 88  96 96 88  96 96 88  184 184 176  144 120 200  144 120 200  144 120 200  144 120 200  144 120 200  96 96 88  255 255 255  255 255 255  255 255 255  255 255 255  255 255 255  255 255 255  255 255 255  255 255 255
255 255 255  255 255 255  255 255 255  255 255 255  255 255 255  255 255 255  255 255 255  255 255 255  255 255 255  255 255 255  255 255 255  255 255 255  255 255 255  255 255 255  255 255 255  96 96 88  96 96 88  144 120 200  96 96 88  144 120 200  96 96 88  96 96 88  255 255 255  255 255 255  255 255 255  255 255 255  255 255 255  255 255 255  255 255 255  255 255 255
255 255 255  255 255 255  255 255 255  255 255 255  255 255 255  255 255 255  255 255 255  255 255 255  255 255 255  255 255 255  255 255 255  255 255 255  255 255 255  255 255 255  255 255 255  255 255 255  255 255 255  96 96 88  248 248 248  248 248 248  184 184 176  96 96 88  255 255 255  255 255 255  255 255 255  255 255 255  255 255 255  255 255 255  255 255 255  255 255 255
255 255 255  255 255 255  255 255 255  255 255 255  255 255 255  255 255 255  255 255 255  255 255 255  255 255 255  255 255 255  255 255 255  255 255 255  255 255 255  255 255 255  255 255 255  255 255 255  255 255 255  255 255 255  96 96 88  96 96 88  96 96 88  255 255 255  255 255 255  255 255 255  255 255 255  255 255 255  255 255 255  255 255 255  255 255 255  255 255 255
