22
29
255 255 255  255 255 255  255 255 255  255 255 255  255 255 255  255 255 255  255 255 255  255 255 255  255 255 255  255 255 255  255 255 255  255 255 255  255 255 255  255 255 255  64 64 64  64 64 64  255 255 255  255 255 255  64 64 64  64 64 64  64 64 64  255 255 255  255 255 255  255 255 255  255 255 255  255 255 255  255 255 255  255 255 255  255 255 255
255 255 255  255 255 255  255 255 255  255 255 255  255 255 255  255 255 255  64 64 64  64 64 64  64 64 64  255 255 255  255 255 255  255 255 255  255 255 255  64 64 64  240 240 168  240 240 168  64 64 64  64 64 64  240 240 168  240 240 168  240 240 168  64 64 64  64 64 64  64 64 64  255 255 255  255 255 255  255 255 255  255 255 255  255 255 255
255 255 255  255 255 255  255 255 255  255 255 255  255 255 255  64 64 64  248 248 248  240 240 168  64 64 64  255 255 255  255 255 255  64 64 64  64 64 64  240 240 168  208 208 104  64 64 64  240 240 168  240 240 168  208 208 104  64 64 64  64 64 64  240 240 168  240 240 168  240 240 168  64 64 64  64 64 64  255 255 255  255 255 255  255 255 255
255 255 255  255 255 255  255 255 255  64 64 64  64 64 64  248 248 248  240 240 168  64 64 64  255 255 255  255 255 255  64 64 64  184 160 88  64 64 64  208 208 104  64 64 64  240 240 168  208 208 104  64 64 64  64 64 64  240 240 168  240 240 168  240 240 168  208 208 104  208 208 104  208 208 104  208 208 104  64 64 64  255 255 255  255 255 255
255 255 255  255 255 255  64 64 64  248 248 248  64 64 64  248 248 248  240 240 168  64 64 64  255 255 255  64 64 64  184 160 88  64 64 64  208 208 104  64 64 64  208 208 104  208 208 104  64 64 64  208 208 104  208 208 104  208 208 104  64 64 64  64 64 64  64 64 64  64 64 64  64 64 64  208 208 104  208 208 104  64 64 64  255 255 255
64 64 64  64 64 64  64 64 64  248 248 248  248 248 248  240 240 168  208 208 104  208 208 104  64 64 64  64 64 64  184 160 88  64 64 64  184 160 88  64 64 64  184 160 88  64 64 64  208 208 104  208 208 104  64 64 64  64 64 64  240 240 168  240 240 168  240 240 168  240 240 168  208 208 104  64 64 64  208 208 104  64 64 64  255 255 255
64 64 64  208 208 104  64 64 64  248 248 248  240 240 168  208 208 104  208 208 104  64 64 64  64 64 64  64 64 64  184 160 88  64 64 64  64 64 64  64 64 64  64 64 64  208 208 104  208 208 104  64 64 64  240 240 168  240 240 168  240 240 168  240 240 168  240 240 168  240 240 168  240 240 168  184 160 88  64 64 64  208 208 104  64 64 64
255 255 255  64 64 64  240 240 168  240 240 168  208 208 104  208 208 104  64 64 64  240 240 168  64 64 64  64 64 64  64 64 64  240 240 168  240 240 168  240 240 168  64 64 64  184 160 88  64 64 64  208 208 104  208 208 104  208 208 104  208 208 104  208 208 104  240 240 168  240 240 168  240 240 168  208 208 104  64 64 64  184 160 88  64 64 64
255 255 255  64 64 64  208 208 104  208 208 104  208 208 104  184 160 88  240 240 168  184 160 88  64 64 64  240 240 168  96 96 88  96 96 88  240 240 168  240 240 168  208 208 104  64 64 64  184 160 88  184 160 88  64 64 64  64 64 64  64 64 64  208 208 104  208 208 104  240 240 168  240 240 168  208 208 104  208 208 104  64 64 64  64 64 64
255 255 255  64 64 64  208 208 104  208 208 104  208 208 104  240 240 168  240 240 168  184 160 88  64 64 64  240 240 168  240 240 168  96 96 88  240 240 168  240 240 168  208 208 104  64 64 64  64 64 64  64 64 64  184 160 88  184 160 88  184 160 88  64 64 64  208 208 104  240 240 168  208 208 104  208 208 104  208 208 104  64 64 64  255 255 255
255 255 255  64 64 64  184 160 88  240 240 168  240 240 168  240 240 168  240 240 168  208 208 104  240 240 168  240 240 168  96 96 88  240 240 168  240 240 168  208 208 104  208 208 104  184 160 88  64 64 64  255 255 255  96 96 88  96 96 88  184 160 88  184 160 88  64 64 64  208 208 104  208 208 104  208 208 104  184 160 88  64 64 64  255 255 255
255 255 255  64 64 64  240 240 168  240 240 168  248 248 248  224 72 40  208 208 104  208 208 104  208 208 104  240 240 168  240 240 168  96 96 88  240 240 168  208 208 104  184 160 88  184 160 88  64 64 64  255 255 255  255 255 255  255 255 255  96 96 88  184 160 88  64 64 64  208 208 104  208 208 104  208 208 104  64 64 64  255 255 255  255 255 255
64 64 64  240 240 168  240 240 168  240 240 168  224 72 40  224 72 40  208 208 104  64 64 64  208 208 104  96 96 88  96 96 88  208 208 104  208 208 104  208 208 104  64 64 64  184 160 88  64 64 64  255 255 255  255 255 255  255 255 255  96 96 88  184 160 88  64 64 64  208 208 104  208 208 104  184 160 88  64 64 64  255 255 255  255 255 255
64 64 64  240 240 168  240 240 168  208 208 104  208 208 104  208 208 104  64 64 64  208 208 104  208 208 104  208 208 104  96 96 88  208 208 104  208 208 104  64 64 64  184 160 88  184 160 88  64 64 64  255 255 255  255 255 255  255 255 255  255 255 255  96 96 88  208 208 104  208 208 104  184 160 88  64 64 64  255 255 255  255 255 255  255 255 255
64 64 64  64 64 64  208 208 104  208 208 104  64 64 64  64 64 64  208 208 104  208 208 104  208 208 104  96 96 88  208 208 104  208 208 104  64 64 64  64 64 64  184 160 88  64 64 64  255 255 255  255 255 255  255 255 255  96 96 88  96 96 88  208 208 104  208 208 104  184 160 88  64 64 64  255 255 255  255 255 255  255 255 255  255 255 255
255 255 255  64 64 64  64 64 64  64 64 64  96 96 88  208 208 104  208 208 104  96 96 88  96 96 88  208 208 104  208 208 104  208 208 104  96 96 88  96 96 88  184 160 88  96 96 88  255 255 255  255 255 255  96 96 88  208 208 104  208 208 104  184 160 88  96 96 88  96 96 88  255 255 255  255 255 255  255 255 255  255 255 255  255 255 255
255 255 255  255 255 255  255 255 255  255 255 255  255 255 255  96 96 88  208 208 104  96 96 88  208 208 104  96 96 88  208 208 104  184 160 88  96 96 88  255 255 255  96 96 88  255 255 255  255 255 255  255 255 255  255 255 255  96 96 88  96 96 88  96 96 88  255 255 255  255 255 255  255 255 255  255 255 255  255 255 255  255 255 255  255 255 255
255 255 255  255 255 255  255 255 255  255 255 255  255 255 255  255 255 255  96 96 88  184 160 88  184 160 88  96 96 88  208 208 104  96 96 88  255 255 255  255 255 255  255 255 255  255 255 255  255 255 255  255 255 255  255 255 255  255 255 255  255 255 255  255 255 255  255 255 255  255 255 255  255 255 255  255 255 255  255 255 255  255 255 255  255 255 255
255 255 255  255 255 255  255 255 255  255 255 255  255 255 255  255 255 255  96 96 88  184 160 88  96 96 88  208 208 104  208 208 104  96 96 88  255 255 255  255 255 255  255 255 255  255 255 255  255 255 255  255 255 255  255 255 255  255 255 255  255 255 255  255 255 255  255 255 255  255 255 255  255 255 255  255 255 255  255 255 255  255 255 255  255 255 255
255 255 255  255 255 255  255 255 255  255 255 255  255 255 255  255 255 255  255 255 255  96 96 88  96 96 88  208 208 104  184 160 88  96 96 88  255 255 255  255 255 255  255 255 255  255 255 255  255 255 255  255 255 255  255 255 255  255 255 255  255 255 255  255 255 255  255 255 255  255 255 255  255 255 255  255 255 255  255 255 255  255 255 255  255 255 255
255 255 255  255 255 255  255 255 255  255 255 255  255 255 255  255 255 255  255 255 255  255 255 255  96 96 88  208 208 104  96 96 88  255 255 255  255 255 255  255 255 255  255 255 255  255 255 255  255 255 255  255 255 255  255 255 255  255 255 255  255 255 255  255 255 255  255 255 255  255 255 255  255 255 255  255 255 255  255 255 255  255 255 255  255 255 255
255 255 255  255 255 255  255 255 255  255 255 255  255 255 255  255 255 255  255 255 255  255 255 255  96 96 88  96 96 88  255 255 255  255 255 255  255 255 255  255 255 255  255 255 255  255 255 255  255 255 255  255 255 255  255 255 255  255 255 255  255 255 255  255 255 255  255 255 255  255 255 255  255 255 255  255 255 255  255 255 255  255 255 255  255 255 255
