18
20
255 255 255  255 255 255  255 255 255  255 255 255  255 255 255  64 64 64  255 255 255  255 255 255  255 255 255  255 255 255  255 255 255  255 255 255  255 255 255  255 255 255  255 255 255  255 255 255  255 255 255  255 255 255  255 255 255  255 255 255
255 255 255  255 255 255  255 255 255  255 255 255  64 64 64  160 168 240  64 64 64  255 255 255  255 255 255  255 255 255  255 255 255  255 255 255  255 255 255  255 255 255  255 255 255  255 255 255  255 255 255  255 255 255  255 255 255  255 255 255
255 255 255  255 255 255  64 64 64  255 255 255  64 64 64  160 168 240  64 64 64  255 255 255  255 255 255  255 255 255  255 255 255  255 255 255  255 255 255  255 255 255  64 64 64  64 64 64  64 64 64  255 255 255  255 255 255  255 255 255
255 255 255  64 64 64  160 168 240  64 64 64  64 64 64  160 168 240  112 112 200  64 64 64  255 255 255  255 255 255  255 255 255  255 255 255  255 255 255  64 64 64  160 168 240  160 168 240  160 168 240  64 64 64  255 255 255  255 255 255
255 255 255  64 64 64  112 112 200  64 64 64  64 64 64  64 64 64  96 96 88  96 96 88  64 64 64  64 64 64  255 255 255  255 255 255  64 64 64  160 168 240  112 112 200  112 112 200  112 112 200  112 112 200  64 64 64  255 255 255
255 255 255  64 64 64  160 168 240  160 168 240  160 168 240  160 168 240  112 112 200  64 64 64  160 168 240  160 168 240  64 64 64  255 255 255  64 64 64  160 168 240  112 112 200  192 160 200  192 160 200  112 112 200  64 64 64  255 255 255
64 64 64  160 168 240  160 168 240  160 168 240  160 168 240  160 168 240  64 64 64  160 168 240  112 112 200  112 112 200  64 64 64  64 64 64  160 168 240  112 112 200  192 160 200  192 160 200  192 160 200  112 112 200  112 112 200  64 64 64
64 64 64  112 112 200  160 168 240  160 168 240  160 168 240  112 112 200  64 64 64  160 168 240  112 112 200  112 112 200  64 64 64  160 168 240  112 112 200  112 112 200  192 160 200  192 160 200  192 160 200  192 160 200  112 112 200  64 64 64
64 64 64  248 248 248  112 112 200  112 112 200  112 112 200  112 112 200  112 112 200  112 112 200  112 112 200  64 64 64  112 112 200  112 112 200  192 160 200  112 112 200  112 112 200  192 160 200  192 160 200  64 64 64  64 64 64  64 64 64
255 255 255  64 64 64  64 64 64  64 64 64  248 248 248  64 64 64  112 112 200  112 112 200  96 96 88  112 112 200  112 112 200  192 160 200  192 160 200  192 160 200  112 112 200  192 160 200  64 64 64  255 255 255  255 255 255  255 255 255
255 255 255  255 255 255  64 64 64  64 64 64  64 64 64  64 64 64  64 64 64  112 112 200  112 112 200  112 112 200  112 112 200  64 64 64  64 64 64  192 160 200  112 112 200  64 64 64  255 255 255  255 255 255  255 255 255  255 255 255
255 255 255  255 255 255  64 64 64  160 168 240  64 64 64  64 64 64  96 96 88  160 168 240  112 112 200  112 112 200  64 64 64  112 112 200  96 96 88  64 64 64  112 112 200  64 64 64  255 255 255  255 255 255  255 255 255  255 255 255
255 255 255  255 255 255  255 255 255  64 64 64  160 168 240  160 168 240  160 168 240  112 112 200  96 96 88  112 112 200  112 112 200  112 112 200  96 96 88  255 255 255  64 64 64  255 255 255  255 255 255  255 255 255  255 255 255  255 255 255
255 255 255  255 255 255  255 255 255  255 255 255  64 64 64  64 64 64  64 64 64  96 96 88  112 112 200  112 112 200  112 112 200  96 96 88  96 96 88  255 255 255  255 255 255  255 255 255  255 255 255  255 255 255  255 255 255  255 255 255
255 255 255  255 255 255  255 255 255  255 255 255  255 255 255  255 255 255  255 255 255  96 96 88  96 96 88  96 96 88  96 96 88  255 255 255  96 96 88  120 120 120  255 255 255  255 255 255  255 255 255  255 255 255  255 255 255  255 255 255
255 255 255  255 255 255  255 255 255  255 255 255  255 255 255  255 255 255  255 255 255  255 255 255  255 255 255  96 96 88  255 255 255  255 255 255  255 255 255  96 96 88  255 255 255  255 255 255  255 255 255  255 255 255  255 255 255  255 255 255
255 255 255  255 255 255  255 255 255  255 255 255  255 255 255  255 255 255  255 255 255  255 255 255  255 255 255  96 96 88  255 255 255  255 255 255  255 255 255  96 96 88  255 255 255  255 255 255  255 255 255  255 255 255  255 255 255  255 255 255
255 255 255  255 255 255  255 255 255  255 255 255  255 255 255  255 255 255  255 255 255  255 255 255  255 255 255  255 255 255  255 255 255  255 255 255  255 255 255  96 96 88  255 255 255  255 255 255  255 255 255  255 255 255  255 255 255  255 255 255
