22
22
255 255 255  255 255 255  255 255 255  255 255 255  255 255 255  255 255 255  96 96 88  255 255 255  255 255 255  255 255 255  255 255 255  255 255 255  255 255 255  255 255 255  255 255 255  255 255 255  255 255 255  255 255 255  255 255 255  255 255 255  255 255 255  255 255 255
255 255 255  255 255 255  255 255 255  255 255 255  255 255 255  96 96 88  160 168 240  96 96 88  255 255 255  255 255 255  255 255 255  255 255 255  255 255 255  255 255 255  255 255 255  255 255 255  255 255 255  255 255 255  255 255 255  255 255 255  255 255 255  255 255 255
255 255 255  255 255 255  255 255 255  255 255 255  255 255 255  96 96 88  160 168 240  96 96 88  255 255 255  255 255 255  255 255 255  255 255 255  255 255 255  255 255 255  64 64 64  64 64 64  64 64 64  255 255 255  255 255 255  255 255 255  255 255 255  255 255 255
255 255 255  255 255 255  255 255 255  255 255 255  255 255 255  96 96 88  160 168 240  112 112 200  96 96 88  255 255 255  255 255 255  255 255 255  255 255 255  64 64 64  160 168 240  160 168 240  160 168 240  64 64 64  255 255 255  255 255 255  255 255 255  255 255 255
255 255 255  255 255 255  64 64 64  255 255 255  255 255 255  96 96 88  160 168 240  112 112 200  96 96 88  255 255 255  255 255 255  255 255 255  255 255 255  64 64 64  160 168 240  112 112 200  112 112 200  112 112 200  64 64 64  255 255 255  255 255 255  255 255 255
255 255 255  64 64 64  112 112 200  64 64 64  64 64 64  64 64 64  160 168 240  112 112 200  112 112 200  96 96 88  255 255 255  255 255 255  64 64 64  160 168 240  112 112 200  112 112 200  184 184 176  112 112 200  112 112 200  64 64 64  255 255 255  255 255 255
255 255 255  64 64 64  64 64 64  160 168 240  160 168 240  160 168 240  64 64 64  64 64 64  64 64 64  96 96 88  255 255 255  255 255 255  64 64 64  160 168 240  112 112 200  184 184 176  184 184 176  184 184 176  112 112 200  112 112 200  64 64 64  255 255 255
255 255 255  64 64 64  160 168 240  160 168 240  160 168 240  160 168 240  64 64 64  160 168 240  64 64 64  96 96 88  255 255 255  64 64 64  160 168 240  112 112 200  112 112 200  112 112 200  184 184 176  184 184 176  184 184 176  112 112 200  64 64 64  255 255 255
64 64 64  64 64 64  160 168 240  160 168 240  160 168 240  248 248 248  160 168 240  112 112 200  64 64 64  255 255 255  255 255 255  64 64 64  160 168 240  112 112 200  184 184 176  184 184 176  112 112 200  184 184 176  184 184 176  112 112 200  112 112 200  64 64 64
64 64 64  160 168 240  160 168 240  160 168 240  64 64 64  248 248 248  160 168 240  112 112 200  112 112 200  64 64 64  64 64 64  160 168 240  112 112 200  112 112 200  184 184 176  184 184 176  184 184 176  112 112 200  184 184 176  184 184 176  112 112 200  64 64 64
64 64 64  248 248 248  64 64 64  64 64 64  160 168 240  160 168 240  112 112 200  112 112 200  112 112 200  64 64 64  112 112 200  112 112 200  184 184 176  112 112 200  184 184 176  184 184 176  184 184 176  64 64 64  64 64 64  64 64 64  64 64 64  255 255 255
255 255 255  64 64 64  64 64 64  64 64 64  248 248 248  64 64 64  112 112 200  112 112 200  64 64 64  112 112 200  112 112 200  184 184 176  184 184 176  184 184 176  112 112 200  184 184 176  64 64 64  255 255 255  255 255 255  255 255 255  255 255 255  255 255 255
255 255 255  255 255 255  255 255 255  64 64 64  64 64 64  64 64 64  64 64 64  112 112 200  112 112 200  112 112 200  112 112 200  64 64 64  64 64 64  184 184 176  112 112 200  64 64 64  255 255 255  255 255 255  255 255 255  255 255 255  255 255 255  255 255 255
255 255 255  255 255 255  255 255 255  255 255 255  64 64 64  64 64 64  64 64 64  112 112 200  112 112 200  112 112 200  64 64 64  64 64 64  255 255 255  64 64 64  112 112 200  64 64 64  255 255 255  255 255 255  255 255 255  255 255 255  255 255 255  255 255 255
255 255 255  255 255 255  255 255 255  64 64 64  248 248 248  64 64 64  64 64 64  64 64 64  112 112 200  112 112 200  112 112 200  64 64 64  255 255 255  255 255 255  64 64 64  255 255 255  255 255 255  255 255 255  255 255 255  255 255 255  255 255 255  255 255 255
255 255 255  255 255 255  255 255 255  64 64 64  160 168 240  64 64 64  248 248 248  64 64 64  160 168 240  112 112 200  112 112 200  64 64 64  255 255 255  255 255 255  255 255 255  255 255 255  255 255 255  255 255 255  255 255 255  255 255 255  255 255 255  255 255 255
255 255 255  255 255 255  255 255 255  255 255 255  64 64 64  160 168 240  160 168 240  160 168 240  112 112 200  112 112 200  96 96 88  96 96 88  255 255 255  255 255 255  255 255 255  255 255 255  255 255 255  255 255 255  255 255 255  255 255 255  255 255 255  255 255 255
255 255 255  255 255 255  255 255 255  255 255 255  255 255 255  64 64 64  64 64 64  64 64 64  64 64 64  96 96 88  112 112 200  112 112 200  96 96 88  255 255 255  255 255 255  255 255 255  255 255 255  255 255 255  255 255 255  255 255 255  255 255 255  255 255 255
255 255 255  255 255 255  255 255 255  255 255 255  255 255 255  255 255 255  96 96 88  112 112 200  96 96 88  255 255 255  96 96 88  112 112 200  96 96 88  255 255 255  255 255 255  255 255 255  255 255 255  255 255 255  255 255 255  255 255 255  255 255 255  255 255 255
255 255 255  255 255 255  255 255 255  255 255 255  255 255 255  255 255 255  255 255 255  96 96 88  255 255 255  255 255 255  96 96 88  160 168 240  96 96 88  255 255 255  255 255 255  255 255 255  255 255 255  255 255 255  255 255 255  255 255 255  255 255 255  255 255 255
255 255 255  255 255 255  255 255 255  255 255 255  255 255 255  255 255 255  255 255 255  255 255 255  255 255 255  255 255 255  96 96 88  160 168 240  96 96 88  255 255 255  255 255 255  255 255 255  255 255 255  255 255 255  255 255 255  255 255 255  255 255 255  255 255 255
255 255 255  255 255 255  255 255 255  255 255 255  255 255 255  255 255 255  255 255 255  255 255 255  255 255 255  255 255 255  255 255 255  96 96 88  255 255 255  255 255 255  255 255 255  255 255 255  255 255 255  255 255 255  255 255 255  255 255 255  255 255 255  255 255 255
