15
13
255 255 255  255 255 255  255 255 255  255 255 255  255 255 255  255 255 255  64 64 64  64 64 64  64 64 64  255 255 255  255 255 255  255 255 255  255 255 255
255 255 255  255 255 255  255 255 255  64 64 64  255 255 255  64 64 64  152 200 72  152 200 72  152 200 72  64 64 64  255 255 255  255 255 255  255 255 255
255 255 255  255 255 255  64 64 64  152 200 72  64 64 64  152 200 72  152 200 72  120 152 72  64 64 64  255 255 255  255 255 255  255 255 255  255 255 255
255 255 255  64 64 64  64 64 64  152 200 72  64 64 64  152 200 72  120 152 72  64 64 64  120 152 72  64 64 64  255 255 255  64 64 64  255 255 255
64 64 64  152 200 72  64 64 64  64 64 64  152 200 72  152 200 72  120 152 72  64 64 64  64 64 64  64 64 64  64 64 64  120 152 72  64 64 64
64 64 64  120 152 72  120 152 72  64 64 64  152 200 72  120 152 72  64 64 64  64 64 64  120 152 72  120 152 72  120 152 72  120 152 72  64 64 64
255 255 255  64 64 64  120 152 72  64 64 64  120 152 72  120 152 72  64 64 64  120 152 72  120 152 72  120 152 72  120 152 72  64 64 64  255 255 255
255 255 255  255 255 255  64 64 64  184 184 184  64 64 64  120 152 72  64 64 64  120 152 72  64 64 64  64 64 64  64 64 64  255 255 255  255 255 255
255 255 255  255 255 255  64 64 64  184 184 184  184 184 184  184 184 184  184 184 184  184 184 184  112 112 112  64 64 64  255 255 255  255 255 255  255 255 255
255 255 255  64 64 64  184 184 184  64 64 64  184 184 184  184 184 184  184 184 184  184 184 184  184 184 184  112 112 112  64 64 64  255 255 255  255 255 255
255 255 255  64 64 64  184 184 184  184 184 184  184 184 184  184 184 184  64 64 64  184 184 184  184 184 184  112 112 112  64 64 64  255 255 255  255 255 255
255 255 255  64 64 64  184 184 184  184 184 184  224 72 40  224 72 40  184 184 184  184 184 184  184 184 184  112 112 112  64 64 64  255 255 255  255 255 255
255 255 255  255 255 255  96 96 88  96 96 88  184 184 184  224 72 40  184 184 184  184 184 184  112 112 112  96 96 88  255 255 255  255 255 255  255 255 255
255 255 255  255 255 255  255 255 255  96 96 88  96 96 88  96 96 88  96 96 88  96 96 88  96 96 88  255 255 255  255 255 255  255 255 255  255 255 255
255 255 255  255 255 255  255 255 255  255 255 255  255 255 255  255 255 255  255 255 255  96 96 88  96 96 88  255 255 255  255 255 255  255 255 255  255 255 255
