20
20
255 255 255  255 255 255  255 255 255  255 255 255  255 255 255  255 255 255  255 255 255  255 255 255  255 255 255  64 64 64  64 64 64  64 64 64  255 255 255  255 255 255  255 255 255  255 255 255  255 255 255  255 255 255  255 255 255  255 255 255
255 255 255  255 255 255  255 255 255  255 255 255  255 255 255  255 255 255  255 255 255  255 255 255  64 64 64  240 144 40  240 144 40  240 240 40  64 64 64  255 255 255  255 255 255  255 255 255  255 255 255  255 255 255  255 255 255  255 255 255
255 255 255  255 255 255  255 255 255  255 255 255  255 255 255  255 255 255  255 255 255  64 64 64  240 240 40  240 240 40  240 144 40  208 96 64  64 64 64  255 255 255  255 255 255  255 255 255  255 255 255  255 255 255  255 255 255  255 255 255
255 255 255  255 255 255  255 255 255  255 255 255  255 255 255  255 255 255  255 255 255  64 64 64  240 240 40  240 240 40  208 96 64  64 64 64  255 255 255  255 255 255  255 255 255  255 255 255  255 255 255  255 255 255  255 255 255  255 255 255
255 255 255  255 255 255  255 255 255  255 255 255  255 255 255  255 255 255  255 255 255  64 64 64  208 96 64  208 96 64  64 64 64  248 176 160  64 64 64  64 64 64  64 64 64  255 255 255  255 255 255  255 255 255  255 255 255  255 255 255
255 255 255  255 255 255  255 255 255  255 255 255  255 255 255  255 255 255  255 255 255  255 255 255  64 64 64  64 64 64  64 64 64  64 64 64  240 144 40  240 144 40  208 96 64  64 64 64  64 64 64  255 255 255  255 255 255  255 255 255
255 255 255  255 255 255  255 255 255  255 255 255  255 255 255  255 255 255  64 64 64  64 64 64  64 64 64  240 144 40  240 144 40  208 96 64  208 96 64  240 144 40  240 144 40  208 96 64  64 64 64  64 64 64  255 255 255  255 255 255
255 255 255  255 255 255  255 255 255  255 255 255  255 255 255  64 64 64  160 192 248  240 144 40  208 96 64  64 64 64  64 64 64  240 144 40  240 144 40  208 96 64  240 144 40  64 64 64  240 144 40  240 240 40  64 64 64  255 255 255
255 255 255  255 255 255  255 255 255  255 255 255  64 64 64  64 64 64  160 192 248  240 144 40  240 144 40  240 144 40  208 96 64  64 64 64  240 144 40  240 144 40  64 64 64  240 144 40  240 144 40  208 96 64  208 96 64  64 64 64
255 255 255  255 255 255  255 255 255  255 255 255  64 64 64  160 192 248  240 144 40  240 144 40  240 144 40  240 144 40  240 144 40  240 144 40  64 64 64  208 96 64  64 64 64  240 240 40  240 240 40  208 96 64  240 240 40  64 64 64
255 255 255  255 255 255  96 96 88  96 96 88  64 64 64  208 96 64  240 144 40  240 144 40  240 144 40  240 144 40  160 192 248  160 192 248  240 144 40  64 64 64  208 96 64  64 64 64  240 240 40  208 96 64  64 64 64  255 255 255
255 255 255  96 96 88  240 144 40  240 144 40  64 64 64  248 248 248  64 64 64  208 96 64  240 144 40  160 192 248  248 248 248  64 64 64  248 248 248  64 64 64  208 96 64  64 64 64  64 64 64  64 64 64  96 96 88  255 255 255
96 96 88  240 144 40  240 144 40  208 96 64  208 96 64  64 64 64  208 96 64  64 64 64  208 96 64  160 192 248  64 64 64  64 64 64  248 248 248  64 64 64  64 64 64  96 96 88  208 96 64  208 96 64  96 96 88  255 255 255
96 96 88  96 96 88  208 96 64  208 96 64  96 96 88  96 96 88  64 64 64  248 248 248  208 96 64  208 96 64  248 248 248  248 248 248  64 64 64  96 96 88  208 96 64  208 96 64  96 96 88  208 96 64  96 96 88  255 255 255
96 96 88  240 144 40  96 96 88  96 96 88  255 255 255  255 255 255  255 255 255  96 96 88  64 64 64  64 64 64  64 64 64  64 64 64  208 96 64  96 96 88  96 96 88  208 96 64  96 96 88  96 96 88  255 255 255  255 255 255
96 96 88  240 144 40  96 96 88  255 255 255  255 255 255  255 255 255  255 255 255  96 96 88  208 96 64  240 144 40  240 144 40  208 96 64  208 96 64  96 96 88  96 96 88  208 96 64  96 96 88  255 255 255  255 255 255  255 255 255
255 255 255  96 96 88  255 255 255  255 255 255  255 255 255  255 255 255  96 96 88  240 144 40  240 144 40  240 144 40  208 96 64  208 96 64  208 96 64  96 96 88  255 255 255  96 96 88  255 255 255  255 255 255  255 255 255  255 255 255
255 255 255  255 255 255  255 255 255  255 255 255  255 255 255  96 96 88  240 144 40  96 96 88  208 96 64  208 96 64  208 96 64  208 96 64  96 96 88  255 255 255  255 255 255  255 255 255  255 255 255  255 255 255  255 255 255  255 255 255
255 255 255  255 255 255  255 255 255  255 255 255  255 255 255  96 96 88  240 144 40  96 96 88  96 96 88  96 96 88  96 96 88  96 96 88  255 255 255  255 255 255  255 255 255  255 255 255  255 255 255  255 255 255  255 255 255  255 255 255
255 255 255  255 255 255  255 255 255  255 255 255  255 255 255  96 96 88  96 96 88  255 255 255  255 255 255  255 255 255  255 255 255  255 255 255  255 255 255  255 255 255  255 255 255  255 255 255  255 255 255  255 255 255  255 255 255  255 255 255
