21
22
255 255 255  255 255 255  255 255 255  255 255 255  255 255 255  255 255 255  255 255 255  255 255 255  255 255 255  255 255 255  255 255 255  64 64 64  64 64 64  255 255 255  255 255 255  255 255 255  255 255 255  255 255 255  255 255 255  255 255 255  255 255 255  255 255 255
255 255 255  255 255 255  255 255 255  255 255 255  255 255 255  255 255 255  255 255 255  255 255 255  255 255 255  255 255 255  64 64 64  160 168 240  160 168 240  64 64 64  255 255 255  255 255 255  255 255 255  255 255 255  255 255 255  255 255 255  255 255 255  255 255 255
255 255 255  255 255 255  255 255 255  255 255 255  255 255 255  255 255 255  255 255 255  255 255 255  255 255 255  64 64 64  160 168 240  144 120 200  144 120 200  64 64 64  255 255 255  255 255 255  255 255 255  64 64 64  64 64 64  64 64 64  64 64 64  255 255 255
255 255 255  255 255 255  255 255 255  255 255 255  255 255 255  255 255 255  255 255 255  255 255 255  64 64 64  64 64 64  144 120 200  144 120 200  144 120 200  64 64 64  255 255 255  64 64 64  64 64 64  160 168 240  160 168 240  160 168 240  160 168 240  64 64 64
255 255 255  255 255 255  255 255 255  255 255 255  255 255 255  255 255 255  255 255 255  64 64 64  160 168 240  144 120 200  64 64 64  144 120 200  64 64 64  255 255 255  64 64 64  160 168 240  160 168 240  144 120 200  144 120 200  144 120 200  144 120 200  64 64 64
255 255 255  255 255 255  255 255 255  255 255 255  255 255 255  255 255 255  64 64 64  160 168 240  144 120 200  64 64 64  144 120 200  144 120 200  64 64 64  64 64 64  160 168 240  144 120 200  144 120 200  144 120 200  144 120 200  192 160 200  192 160 200  64 64 64
255 255 255  255 255 255  255 255 255  255 255 255  255 255 255  64 64 64  160 168 240  144 120 200  64 64 64  64 64 64  144 120 200  64 64 64  64 64 64  160 168 240  144 120 200  144 120 200  192 160 200  192 160 200  192 160 200  144 120 200  64 64 64  255 255 255
255 255 255  255 255 255  64 64 64  64 64 64  64 64 64  160 168 240  144 120 200  64 64 64  160 168 240  144 120 200  64 64 64  64 64 64  160 168 240  144 120 200  144 120 200  144 120 200  144 120 200  144 120 200  192 160 200  192 160 200  64 64 64  255 255 255
255 255 255  64 64 64  112 112 200  64 64 64  160 168 240  144 120 200  64 64 64  160 168 240  160 168 240  64 64 64  64 64 64  160 168 240  144 120 200  144 120 200  192 160 200  192 160 200  192 160 200  144 120 200  144 120 200  64 64 64  255 255 255  255 255 255
64 64 64  112 112 200  248 248 248  160 168 240  160 168 240  160 168 240  160 168 240  160 168 240  144 120 200  64 64 64  144 120 200  144 120 200  192 160 200  144 120 200  144 120 200  192 160 200  192 160 200  192 160 200  144 120 200  64 64 64  255 255 255  255 255 255
64 64 64  112 112 200  64 64 64  160 168 240  160 168 240  144 120 200  64 64 64  64 64 64  144 120 200  144 120 200  64 64 64  144 120 200  192 160 200  192 160 200  144 120 200  144 120 200  192 160 200  192 160 200  64 64 64  255 255 255  255 255 255  255 255 255
64 64 64  112 112 200  144 120 200  160 168 240  144 120 200  64 64 64  112 112 200  112 112 200  64 64 64  144 120 200  64 64 64  144 120 200  144 120 200  192 160 200  192 160 200  144 120 200  144 120 200  64 64 64  255 255 255  255 255 255  255 255 255  255 255 255
255 255 255  64 64 64  144 120 200  144 120 200  64 64 64  112 112 200  248 248 248  64 64 64  160 168 240  64 64 64  64 64 64  192 160 200  144 120 200  144 120 200  192 160 200  64 64 64  64 64 64  255 255 255  255 255 255  255 255 255  255 255 255  255 255 255
255 255 255  64 64 64  144 120 200  64 64 64  64 64 64  112 112 200  64 64 64  64 64 64  160 168 240  64 64 64  64 64 64  64 64 64  64 64 64  64 64 64  64 64 64  96 96 88  255 255 255  255 255 255  255 255 255  255 255 255  255 255 255  255 255 255
255 255 255  255 255 255  64 64 64  248 248 248  64 64 64  64 64 64  160 168 240  160 168 240  64 64 64  64 64 64  144 120 200  64 64 64  144 120 200  192 160 200  192 160 200  96 96 88  96 96 88  255 255 255  255 255 255  255 255 255  255 255 255  255 255 255
255 255 255  255 255 255  255 255 255  64 64 64  96 96 88  144 120 200  64 64 64  64 64 64  64 64 64  144 120 200  144 120 200  64 64 64  144 120 200  192 160 200  192 160 200  192 160 200  192 160 200  96 96 88  255 255 255  255 255 255  255 255 255  255 255 255
255 255 255  255 255 255  255 255 255  255 255 255  255 255 255  96 96 88  144 120 200  144 120 200  144 120 200  144 120 200  96 96 88  176 128 88  64 64 64  144 120 200  192 160 200  96 96 88  96 96 88  255 255 255  255 255 255  255 255 255  255 255 255  255 255 255
255 255 255  255 255 255  255 255 255  255 255 255  255 255 255  255 255 255  96 96 88  96 96 88  96 96 88  96 96 88  176 128 88  176 128 88  176 128 88  64 64 64  96 96 88  255 255 255  255 255 255  255 255 255  255 255 255  255 255 255  255 255 255  255 255 255
255 255 255  255 255 255  255 255 255  255 255 255  255 255 255  255 255 255  255 255 255  255 255 255  96 96 88  176 128 88  232 192 136  176 128 88  176 128 88  96 96 88  64 64 64  255 255 255  255 255 255  255 255 255  255 255 255  255 255 255  255 255 255  255 255 255
255 255 255  255 255 255  255 255 255  255 255 255  255 255 255  255 255 255  255 255 255  255 255 255  255 255 255  96 96 88  96 96 88  232 192 136  176 128 88  176 128 88  64 64 64  255 255 255  255 255 255  255 255 255  255 255 255  255 255 255  255 255 255  255 255 255
255 255 255  255 255 255  255 255 255  255 255 255  255 255 255  255 255 255  255 255 255  255 255 255  255 255 255  255 255 255  255 255 255  96 96 88  96 96 88  96 96 88  255 255 255  255 255 255  255 255 255  255 255 255  255 255 255  255 255 255  255 255 255  255 255 255
