18
18
255 255 255  255 255 255  255 255 255  255 255 255  255 255 255  255 255 255  255 255 255  64 64 64  64 64 64  64 64 64  255 255 255  255 255 255  255 255 255  255 255 255  255 255 255  255 255 255  255 255 255  255 255 255
255 255 255  255 255 255  255 255 255  255 255 255  255 255 255  255 255 255  64 64 64  232 192 136  232 192 136  232 192 136  64 64 64  255 255 255  255 255 255  255 255 255  255 255 255  255 255 255  255 255 255  255 255 255
255 255 255  255 255 255  255 255 255  255 255 255  255 255 255  64 64 64  232 192 136  232 192 136  176 128 88  176 128 88  176 128 88  64 64 64  255 255 255  255 255 255  255 255 255  255 255 255  255 255 255  255 255 255
255 255 255  255 255 255  255 255 255  255 255 255  255 255 255  64 64 64  184 184 176  176 128 88  184 184 176  176 128 88  176 128 88  64 64 64  255 255 255  255 255 255  255 255 255  255 255 255  255 255 255  255 255 255
255 255 255  255 255 255  255 255 255  255 255 255  255 255 255  64 64 64  64 64 64  176 128 88  64 64 64  176 128 88  176 128 88  64 64 64  255 255 255  255 255 255  255 255 255  255 255 255  255 255 255  255 255 255
255 255 255  255 255 255  255 255 255  255 255 255  255 255 255  64 64 64  240 96 80  240 96 80  176 128 88  176 128 88  176 128 88  64 64 64  64 64 64  64 64 64  64 64 64  255 255 255  255 255 255  255 255 255
255 255 255  255 255 255  255 255 255  255 255 255  255 255 255  64 64 64  176 128 88  176 128 88  176 128 88  176 128 88  176 128 88  64 64 64  232 192 136  232 192 136  176 128 88  64 64 64  255 255 255  255 255 255
255 255 255  255 255 255  255 255 255  255 255 255  64 64 64  64 64 64  64 64 64  176 128 88  176 128 88  176 128 88  64 64 64  232 192 136  232 192 136  176 128 88  176 128 88  176 128 88  64 64 64  255 255 255
255 255 255  255 255 255  255 255 255  64 64 64  232 192 136  232 192 136  176 128 88  64 64 64  176 128 88  176 128 88  64 64 64  184 184 176  176 128 88  184 184 176  176 128 88  176 128 88  64 64 64  255 255 255
255 255 255  255 255 255  64 64 64  232 192 136  232 192 136  176 128 88  176 128 88  176 128 88  64 64 64  176 128 88  64 64 64  64 64 64  176 128 88  64 64 64  176 128 88  176 128 88  64 64 64  255 255 255
255 255 255  64 64 64  64 64 64  184 184 176  176 128 88  184 184 176  176 128 88  176 128 88  64 64 64  64 64 64  64 64 64  240 96 80  240 96 80  176 128 88  176 128 88  176 128 88  64 64 64  255 255 255
255 255 255  64 64 64  64 64 64  64 64 64  176 128 88  64 64 64  176 128 88  176 128 88  64 64 64  120 120 120  64 64 64  176 128 88  176 128 88  176 128 88  176 128 88  176 128 88  64 64 64  255 255 255
96 96 88  96 96 88  96 96 88  240 96 80  240 96 80  176 128 88  176 128 88  176 128 88  96 96 88  120 120 120  96 96 88  176 128 88  176 128 88  96 96 88  176 128 88  176 128 88  96 96 88  96 96 88
96 96 88  120 120 120  96 96 88  176 128 88  176 128 88  176 128 88  176 128 88  96 96 88  96 96 88  120 120 120  96 96 88  96 96 88  96 96 88  184 184 176  96 96 88  96 96 88  96 96 88  96 96 88
96 96 88  184 184 176  96 96 88  96 96 88  96 96 88  96 96 88  96 96 88  120 120 120  120 120 120  120 120 120  184 184 176  184 184 176  96 96 88  120 120 120  96 96 88  120 120 120  96 96 88  96 96 88
255 255 255  96 96 88  184 184 176  184 184 176  184 184 176  120 120 120  120 120 120  96 96 88  96 96 88  120 120 120  96 96 88  120 120 120  120 120 120  96 96 88  120 120 120  96 96 88  96 96 88  255 255 255
255 255 255  255 255 255  96 96 88  96 96 88  120 120 120  120 120 120  120 120 120  184 184 176  120 120 120  96 96 88  120 120 120  120 120 120  120 120 120  96 96 88  96 96 88  96 96 88  255 255 255  255 255 255
255 255 255  255 255 255  255 255 255  255 255 255  96 96 88  96 96 88  96 96 88  96 96 88  96 96 88  96 96 88  96 96 88  96 96 88  96 96 88  255 255 255  255 255 255  255 255 255  255 255 255  255 255 255
