20
21
255 255 255  255 255 255  255 255 255  255 255 255  255 255 255  255 255 255  255 255 255  255 255 255  255 255 255  255 255 255  255 255 255  255 255 255  255 255 255  255 255 255  64 64 64  64 64 64  64 64 64  64 64 64  255 255 255  255 255 255  255 255 255
255 255 255  255 255 255  255 255 255  255 255 255  255 255 255  255 255 255  255 255 255  255 255 255  255 255 255  255 255 255  255 255 255  255 255 255  255 255 255  64 64 64  208 208 104  240 240 168  240 240 168  240 240 168  64 64 64  255 255 255  255 255 255
255 255 255  255 255 255  255 255 255  255 255 255  255 255 255  255 255 255  255 255 255  255 255 255  255 255 255  255 255 255  255 255 255  255 255 255  255 255 255  64 64 64  240 240 168  96 96 88  96 96 88  208 208 104  240 240 168  64 64 64  255 255 255
255 255 255  255 255 255  255 255 255  255 255 255  255 255 255  255 255 255  255 255 255  255 255 255  255 255 255  255 255 255  255 255 255  255 255 255  255 255 255  64 64 64  208 208 104  208 208 104  96 96 88  64 64 64  208 208 104  208 208 104  64 64 64
255 255 255  255 255 255  255 255 255  255 255 255  255 255 255  255 255 255  255 255 255  255 255 255  255 255 255  255 255 255  255 255 255  255 255 255  255 255 255  255 255 255  64 64 64  64 64 64  64 64 64  255 255 255  64 64 64  240 240 168  64 64 64
255 255 255  255 255 255  255 255 255  255 255 255  64 64 64  64 64 64  64 64 64  64 64 64  255 255 255  255 255 255  255 255 255  255 255 255  255 255 255  255 255 255  255 255 255  255 255 255  255 255 255  255 255 255  64 64 64  240 240 168  64 64 64
255 255 255  64 64 64  64 64 64  64 64 64  208 208 104  208 208 104  208 208 104  208 208 104  64 64 64  64 64 64  64 64 64  255 255 255  255 255 255  64 64 64  64 64 64  64 64 64  64 64 64  64 64 64  184 160 88  208 208 104  64 64 64
64 64 64  112 112 112  112 112 112  64 64 64  240 240 168  240 240 168  208 208 104  112 112 112  112 112 112  112 112 112  112 112 112  64 64 64  64 64 64  240 240 168  240 240 168  240 240 168  240 240 168  240 240 168  64 64 64  208 208 104  64 64 64
255 255 255  64 64 64  64 64 64  240 240 168  240 144 240  224 72 40  240 240 168  208 208 104  184 160 88  184 160 88  64 64 64  64 64 64  208 208 104  240 240 168  240 240 168  240 240 168  240 240 168  240 240 168  208 208 104  64 64 64  255 255 255
255 255 255  255 255 255  64 64 64  240 240 168  224 72 40  224 72 40  240 240 168  208 208 104  208 208 104  208 208 104  64 64 64  208 208 104  208 208 104  208 208 104  240 240 168  240 240 168  240 240 168  208 208 104  208 208 104  64 64 64  255 255 255
255 255 255  64 64 64  240 240 168  240 240 168  240 240 168  240 240 168  240 240 168  96 96 88  96 96 88  184 160 88  184 160 88  208 208 104  208 208 104  208 208 104  208 208 104  208 208 104  208 208 104  208 208 104  208 208 104  64 64 64  255 255 255
255 255 255  64 64 64  96 96 88  240 240 168  240 240 168  240 240 168  96 96 88  248 248 248  96 96 88  240 240 168  240 240 168  96 96 88  208 208 104  208 208 104  208 208 104  208 208 104  208 208 104  208 208 104  208 208 104  208 208 104  64 64 64
96 96 88  64 64 64  112 112 112  240 240 168  240 240 168  240 240 168  112 112 112  248 248 248  208 208 104  96 96 88  96 96 88  208 208 104  208 208 104  208 208 104  208 208 104  208 208 104  208 208 104  96 96 88  96 96 88  208 208 104  64 64 64
255 255 255  255 255 255  64 64 64  240 240 168  96 96 88  208 208 104  208 208 104  208 208 104  208 208 104  240 240 168  240 240 168  96 96 88  208 208 104  208 208 104  208 208 104  64 64 64  64 64 64  64 64 64  208 208 104  208 208 104  64 64 64
255 255 255  96 96 88  96 96 88  96 96 88  96 96 88  96 96 88  96 96 88  96 96 88  96 96 88  208 208 104  96 96 88  208 208 104  96 96 88  96 96 88  96 96 88  255 255 255  96 96 88  208 208 104  208 208 104  96 96 88  255 255 255
255 255 255  255 255 255  255 255 255  255 255 255  255 255 255  96 96 88  208 208 104  208 208 104  96 96 88  96 96 88  208 208 104  208 208 104  208 208 104  96 96 88  255 255 255  255 255 255  255 255 255  96 96 88  96 96 88  255 255 255  255 255 255
255 255 255  255 255 255  255 255 255  255 255 255  96 96 88  208 208 104  208 208 104  96 96 88  200 200 168  96 96 88  208 208 104  208 208 104  96 96 88  255 255 255  255 255 255  255 255 255  255 255 255  255 255 255  255 255 255  255 255 255  255 255 255
255 255 255  255 255 255  255 255 255  96 96 88  208 208 104  208 208 104  96 96 88  200 200 168  96 96 88  208 208 104  208 208 104  96 96 88  255 255 255  255 255 255  255 255 255  255 255 255  255 255 255  255 255 255  255 255 255  255 255 255  255 255 255
255 255 255  255 255 255  255 255 255  96 96 88  96 96 88  96 96 88  255 255 255  96 96 88  208 208 104  208 208 104  96 96 88  255 255 255  255 255 255  255 255 255  255 255 255  255 255 255  255 255 255  255 255 255  255 255 255  255 255 255  255 255 255
255 255 255  255 255 255  255 255 255  255 255 255  255 255 255  255 255 255  255 255 255  96 96 88  96 96 88  96 96 88  255 255 255  255 255 255  255 255 255  255 255 255  255 255 255  255 255 255  255 255 255  255 255 255  255 255 255  255 255 255  255 255 255
