21
21
255 255 255  255 255 255  255 255 255  64 64 64  64 64 64  255 255 255  255 255 255  255 255 255  255 255 255  255 255 255  255 255 255  255 255 255  255 255 255  255 255 255  255 255 255  255 255 255  255 255 255  255 255 255  255 255 255  255 255 255  255 255 255
255 255 255  255 255 255  64 64 64  160 168 240  64 64 64  255 255 255  255 255 255  64 64 64  64 64 64  255 255 255  255 255 255  255 255 255  255 255 255  255 255 255  255 255 255  255 255 255  255 255 255  255 255 255  255 255 255  255 255 255  255 255 255
64 64 64  64 64 64  64 64 64  160 168 240  64 64 64  64 64 64  64 64 64  160 168 240  64 64 64  255 255 255  255 255 255  255 255 255  255 255 255  255 255 255  255 255 255  255 255 255  255 255 255  255 255 255  255 255 255  255 255 255  255 255 255
64 64 64  160 168 240  64 64 64  160 168 240  64 64 64  112 112 200  64 64 64  160 168 240  64 64 64  255 255 255  64 64 64  64 64 64  255 255 255  255 255 255  255 255 255  255 255 255  255 255 255  255 255 255  255 255 255  255 255 255  255 255 255
64 64 64  112 112 200  160 168 240  160 168 240  112 112 200  64 64 64  160 168 240  112 112 200  64 64 64  64 64 64  160 168 240  64 64 64  255 255 255  255 255 255  255 255 255  255 255 255  255 255 255  255 255 255  255 255 255  255 255 255  255 255 255
255 255 255  64 64 64  232 192 136  240 96 80  160 168 240  112 112 200  160 168 240  112 112 200  112 112 200  160 168 240  112 112 200  64 64 64  255 255 255  255 255 255  255 255 255  255 255 255  255 255 255  255 255 255  255 255 255  64 64 64  255 255 255
255 255 255  64 64 64  240 96 80  240 96 80  160 168 240  160 168 240  96 96 88  96 96 88  160 168 240  112 112 200  64 64 64  255 255 255  255 255 255  255 255 255  255 255 255  255 255 255  255 255 255  255 255 255  64 64 64  160 168 240  64 64 64
255 255 255  64 64 64  160 168 240  160 168 240  160 168 240  96 96 88  64 64 64  248 248 248  160 168 240  112 112 200  112 112 200  64 64 64  64 64 64  255 255 255  255 255 255  255 255 255  255 255 255  255 255 255  64 64 64  160 168 240  64 64 64
255 255 255  64 64 64  96 96 88  96 96 88  96 96 88  240 96 80  64 64 64  248 248 248  112 112 200  112 112 200  112 112 200  64 64 64  112 112 200  64 64 64  64 64 64  255 255 255  255 255 255  64 64 64  112 112 200  160 168 240  64 64 64
255 255 255  64 64 64  240 240 40  240 240 40  192 168 40  96 96 88  96 96 88  112 112 200  112 112 200  112 112 200  64 64 64  64 64 64  112 112 200  112 112 200  112 112 200  64 64 64  255 255 255  64 64 64  112 112 200  112 112 200  64 64 64
64 64 64  240 240 40  240 240 40  240 240 40  192 168 40  192 168 40  192 168 40  96 96 88  64 64 64  64 64 64  112 112 200  112 112 200  112 112 200  64 64 64  112 112 200  112 112 200  64 64 64  112 112 200  112 112 200  112 112 200  64 64 64
64 64 64  240 240 40  240 240 40  192 168 40  192 168 40  192 168 40  64 64 64  112 112 200  64 64 64  112 112 200  112 112 200  64 64 64  112 112 200  112 112 200  64 64 64  112 112 200  112 112 200  64 64 64  112 112 200  64 64 64  255 255 255
64 64 64  240 240 40  192 168 40  192 168 40  192 168 40  64 64 64  112 112 200  64 64 64  64 64 64  112 112 200  112 112 200  112 112 200  64 64 64  112 112 200  112 112 200  64 64 64  112 112 200  64 64 64  112 112 200  64 64 64  255 255 255
64 64 64  192 168 40  192 168 40  192 168 40  64 64 64  112 112 200  64 64 64  255 255 255  64 64 64  112 112 200  160 168 240  112 112 200  112 112 200  64 64 64  112 112 200  160 168 240  64 64 64  64 64 64  64 64 64  255 255 255  255 255 255
255 255 255  64 64 64  64 64 64  64 64 64  112 112 200  112 112 200  64 64 64  255 255 255  255 255 255  64 64 64  160 168 240  160 168 240  112 112 200  112 112 200  64 64 64  112 112 200  160 168 240  160 168 240  64 64 64  255 255 255  255 255 255
255 255 255  255 255 255  64 64 64  112 112 200  112 112 200  64 64 64  255 255 255  255 255 255  255 255 255  64 64 64  64 64 64  160 168 240  160 168 240  112 112 200  64 64 64  112 112 200  112 112 200  160 168 240  160 168 240  64 64 64  255 255 255
255 255 255  255 255 255  255 255 255  96 96 88  96 96 88  255 255 255  255 255 255  255 255 255  96 96 88  112 112 200  112 112 200  96 96 88  96 96 88  112 112 200  112 112 200  96 96 88  112 112 200  112 112 200  112 112 200  96 96 88  255 255 255
255 255 255  255 255 255  255 255 255  255 255 255  255 255 255  255 255 255  255 255 255  96 96 88  112 112 200  112 112 200  96 96 88  96 96 88  255 255 255  96 96 88  96 96 88  96 96 88  96 96 88  96 96 88  96 96 88  255 255 255  255 255 255
255 255 255  255 255 255  255 255 255  255 255 255  255 255 255  255 255 255  255 255 255  255 255 255  96 96 88  96 96 88  255 255 255  255 255 255  255 255 255  96 96 88  112 112 200  112 112 200  96 96 88  255 255 255  255 255 255  255 255 255  255 255 255
255 255 255  255 255 255  255 255 255  255 255 255  255 255 255  255 255 255  255 255 255  255 255 255  255 255 255  255 255 255  255 255 255  255 255 255  96 96 88  112 112 200  112 112 200  112 112 200  96 96 88  255 255 255  255 255 255  255 255 255  255 255 255
255 255 255  255 255 255  255 255 255  255 255 255  255 255 255  255 255 255  255 255 255  255 255 255  255 255 255  255 255 255  255 255 255  255 255 255  96 96 88  96 96 88  96 96 88  96 96 88  255 255 255  255 255 255  255 255 255  255 255 255  255 255 255
