18
27
255 255 255  255 255 255  255 255 255  255 255 255  255 255 255  255 255 255  255 255 255  64 64 64  64 64 64  64 64 64  255 255 255  255 255 255  255 255 255  255 255 255  64 64 64  64 64 64  64 64 64  255 255 255  255 255 255  255 255 255  255 255 255  255 255 255  255 255 255  255 255 255  255 255 255  255 255 255  255 255 255
255 255 255  255 255 255  255 255 255  255 255 255  255 255 255  255 255 255  64 64 64  136 120 248  96 72 200  96 72 200  64 64 64  64 64 64  64 64 64  64 64 64  96 72 200  96 72 200  96 72 200  64 64 64  255 255 255  255 255 255  255 255 255  255 255 255  255 255 255  255 255 255  255 255 255  255 255 255  255 255 255
255 255 255  255 255 255  255 255 255  255 255 255  255 255 255  64 64 64  136 120 248  136 120 248  96 72 200  64 64 64  96 72 200  96 72 200  96 72 200  64 64 64  136 120 248  136 120 248  64 64 64  96 72 200  64 64 64  255 255 255  255 255 255  255 255 255  255 255 255  255 255 255  255 255 255  255 255 255  255 255 255
255 255 255  255 255 255  255 255 255  255 255 255  255 255 255  64 64 64  64 64 64  136 120 248  136 120 248  96 72 200  96 72 200  96 72 200  96 72 200  96 72 200  136 120 248  64 64 64  184 184 184  96 72 200  64 64 64  255 255 255  255 255 255  255 255 255  255 255 255  255 255 255  255 255 255  255 255 255  255 255 255
255 255 255  255 255 255  255 255 255  255 255 255  255 255 255  64 64 64  184 184 184  64 64 64  136 120 248  136 120 248  136 120 248  96 72 200  96 72 200  96 72 200  64 64 64  64 64 64  248 248 248  96 72 200  96 72 200  64 64 64  64 64 64  255 255 255  255 255 255  255 255 255  255 255 255  255 255 255  255 255 255
255 255 255  255 255 255  255 255 255  255 255 255  64 64 64  64 64 64  248 248 248  64 64 64  96 96 88  136 120 248  96 96 88  96 72 200  96 72 200  96 72 200  248 248 248  64 64 64  248 248 248  96 72 200  96 72 200  136 120 248  136 120 248  64 64 64  255 255 255  255 255 255  255 255 255  255 255 255  255 255 255
255 255 255  255 255 255  64 64 64  64 64 64  96 72 200  64 64 64  136 120 248  136 120 248  248 248 248  248 248 248  248 248 248  248 248 248  184 184 184  96 72 200  96 72 200  96 72 200  96 72 200  96 72 200  96 72 200  96 72 200  136 120 248  136 120 248  64 64 64  64 64 64  255 255 255  255 255 255  255 255 255
255 255 255  64 64 64  248 248 248  64 64 64  64 64 64  96 72 200  136 120 248  248 248 248  128 128 112  128 128 112  128 128 112  128 128 112  128 128 112  248 248 248  184 184 184  96 72 200  96 72 200  64 64 64  64 64 64  96 72 200  96 72 200  64 64 64  248 248 248  184 184 184  64 64 64  64 64 64  255 255 255
255 255 255  64 64 64  184 184 184  248 248 248  64 64 64  96 72 200  184 184 184  128 128 112  184 184 184  248 248 248  248 248 248  248 248 248  184 184 184  128 128 112  248 248 248  136 120 248  96 72 200  96 72 200  64 64 64  96 72 200  64 64 64  248 248 248  248 248 248  184 184 184  184 184 184  64 64 64  64 64 64
64 64 64  248 248 248  184 184 184  248 248 248  64 64 64  96 72 200  128 128 112  184 184 184  248 248 248  128 128 112  128 128 112  128 128 112  248 248 248  184 184 184  128 128 112  184 184 184  96 72 200  96 72 200  96 72 200  64 64 64  64 64 64  248 248 248  248 248 248  248 248 248  184 184 184  184 184 184  64 64 64
64 64 64  248 248 248  248 248 248  184 184 184  184 184 184  64 64 64  128 128 112  248 248 248  128 128 112  248 248 248  248 248 248  184 184 184  128 128 112  248 248 248  128 128 112  184 184 184  96 72 200  96 72 200  96 72 200  64 64 64  184 184 184  184 184 184  248 248 248  248 248 248  64 64 64  184 184 184  64 64 64
64 64 64  184 184 184  248 248 248  64 64 64  184 184 184  64 64 64  128 128 112  248 248 248  184 184 184  128 128 112  184 184 184  248 248 248  128 128 112  248 248 248  128 128 112  184 184 184  96 72 200  96 72 200  96 72 200  64 64 64  248 248 248  184 184 184  64 64 64  248 248 248  184 184 184  64 64 64  64 64 64
255 255 255  64 64 64  184 184 184  64 64 64  64 64 64  64 64 64  64 64 64  128 128 112  248 248 248  248 248 248  248 248 248  128 128 112  184 184 184  248 248 248  184 184 184  136 120 248  96 72 200  96 72 200  64 64 64  64 64 64  64 64 64  184 184 184  64 64 64  64 64 64  184 184 184  64 64 64  255 255 255
255 255 255  255 255 255  64 64 64  64 64 64  255 255 255  255 255 255  64 64 64  64 64 64  128 128 112  128 128 112  128 128 112  184 184 184  248 248 248  184 184 184  136 120 248  96 72 200  96 72 200  96 96 88  64 64 64  255 255 255  64 64 64  64 64 64  255 255 255  255 255 255  64 64 64  64 64 64  255 255 255
255 255 255  255 255 255  255 255 255  255 255 255  255 255 255  255 255 255  96 96 88  96 72 200  96 96 88  96 96 88  96 96 88  96 96 88  96 96 88  96 72 200  96 72 200  96 96 88  96 96 88  96 72 200  96 96 88  255 255 255  255 255 255  255 255 255  255 255 255  255 255 255  255 255 255  255 255 255  255 255 255
255 255 255  255 255 255  255 255 255  255 255 255  255 255 255  96 96 88  136 120 248  96 72 200  96 72 200  96 96 88  96 96 88  255 255 255  255 255 255  96 96 88  96 96 88  96 72 200  96 72 200  96 72 200  96 72 200  96 96 88  255 255 255  255 255 255  255 255 255  255 255 255  255 255 255  255 255 255  255 255 255
255 255 255  255 255 255  255 255 255  255 255 255  255 255 255  96 96 88  96 96 88  96 96 88  96 96 88  255 255 255  255 255 255  255 255 255  255 255 255  255 255 255  255 255 255  96 96 88  96 72 200  136 120 248  136 120 248  96 96 88  255 255 255  255 255 255  255 255 255  255 255 255  255 255 255  255 255 255  255 255 255
255 255 255  255 255 255  255 255 255  255 255 255  255 255 255  255 255 255  255 255 255  255 255 255  255 255 255  255 255 255  255 255 255  255 255 255  255 255 255  255 255 255  255 255 255  255 255 255  96 96 88  96 96 88  96 96 88  96 96 88  255 255 255  255 255 255  255 255 255  255 255 255  255 255 255  255 255 255  255 255 255
