21
25
255 255 255  255 255 255  96 96 88  96 96 88  255 255 255  255 255 255  255 255 255  255 255 255  255 255 255  255 255 255  255 255 255  255 255 255  255 255 255  255 255 255  255 255 255  255 255 255  255 255 255  255 255 255  255 255 255  255 255 255  255 255 255  255 255 255  255 255 255  255 255 255  255 255 255
255 255 255  255 255 255  96 96 88  240 240 40  96 96 88  255 255 255  255 255 255  255 255 255  255 255 255  255 255 255  255 255 255  255 255 255  255 255 255  255 255 255  255 255 255  64 64 64  96 96 88  255 255 255  255 255 255  255 255 255  255 255 255  255 255 255  255 255 255  255 255 255  255 255 255
255 255 255  255 255 255  96 96 88  240 240 40  240 240 40  64 64 64  64 64 64  64 64 64  64 64 64  64 64 64  255 255 255  255 255 255  255 255 255  64 64 64  64 64 64  240 240 40  64 64 64  255 255 255  255 255 255  255 255 255  255 255 255  255 255 255  255 255 255  255 255 255  255 255 255
255 255 255  255 255 255  255 255 255  96 96 88  192 168 40  192 168 40  240 240 40  240 240 40  240 240 40  240 240 40  192 168 40  64 64 64  64 64 64  240 240 40  240 240 40  240 240 40  64 64 64  255 255 255  255 255 255  255 255 255  255 255 255  255 255 255  255 255 255  255 255 255  255 255 255
255 255 255  255 255 255  255 255 255  64 64 64  64 64 64  240 240 40  240 96 80  240 240 40  240 240 40  240 240 40  240 240 40  192 168 40  192 168 40  240 240 40  240 240 40  64 64 64  255 255 255  255 255 255  255 255 255  255 255 255  255 255 255  96 96 88  96 96 88  96 96 88  96 96 88
255 255 255  255 255 255  255 255 255  64 64 64  240 240 40  240 96 80  240 96 80  240 96 80  240 240 40  240 240 40  240 240 40  240 240 40  192 168 40  192 168 40  192 168 40  64 64 64  255 255 255  255 255 255  255 255 255  96 96 88  96 96 88  240 240 40  240 240 40  192 168 40  96 96 88
255 255 255  255 255 255  64 64 64  240 240 40  240 240 40  240 240 40  240 96 80  240 240 40  240 240 40  240 240 40  240 240 40  240 240 40  192 168 40  192 168 40  64 64 64  255 255 255  255 255 255  255 255 255  96 96 88  240 240 40  240 240 40  96 96 88  192 168 40  96 96 88  255 255 255
255 255 255  64 64 64  240 240 40  96 96 88  96 96 88  240 240 40  240 240 40  240 240 40  240 240 40  240 240 40  96 96 88  96 96 88  192 168 40  192 168 40  64 64 64  255 255 255  255 255 255  96 96 88  240 240 40  240 240 40  240 240 40  96 96 88  96 96 88  255 255 255  255 255 255
255 255 255  64 64 64  240 240 40  240 240 40  64 64 64  192 168 40  240 240 40  240 240 40  240 240 40  64 64 64  184 184 176  192 168 40  192 168 40  192 168 40  192 168 40  64 64 64  64 64 64  192 168 40  240 240 40  240 240 40  192 168 40  96 96 88  255 255 255  255 255 255  255 255 255
255 255 255  255 255 255  64 64 64  64 64 64  248 248 248  192 168 40  240 240 40  240 240 40  64 64 64  64 64 64  248 248 248  192 168 40  192 168 40  192 168 40  192 168 40  64 64 64  232 192 136  64 64 64  192 168 40  192 168 40  192 168 40  96 96 88  255 255 255  255 255 255  255 255 255
255 255 255  255 255 255  64 64 64  232 192 136  64 64 64  192 168 40  240 240 40  96 96 88  192 168 40  192 168 40  176 128 88  192 168 40  64 64 64  64 64 64  64 64 64  176 128 88  232 192 136  232 192 136  64 64 64  192 168 40  96 96 88  255 255 255  255 255 255  255 255 255  255 255 255
255 255 255  255 255 255  64 64 64  176 128 88  240 240 40  64 64 64  240 240 40  64 64 64  192 168 40  240 240 40  176 128 88  64 64 64  64 64 64  176 128 88  176 128 88  176 128 88  176 128 88  176 128 88  64 64 64  192 168 40  96 96 88  255 255 255  255 255 255  255 255 255  255 255 255
255 255 255  64 64 64  240 240 40  240 240 40  64 64 64  64 64 64  192 168 40  64 64 64  64 64 64  64 64 64  240 240 40  64 64 64  120 120 120  64 64 64  64 64 64  64 64 64  64 64 64  64 64 64  192 168 40  192 168 40  96 96 88  255 255 255  255 255 255  255 255 255  255 255 255
255 255 255  64 64 64  64 64 64  192 168 40  64 64 64  64 64 64  64 64 64  64 64 64  176 128 88  64 64 64  240 240 40  240 240 40  64 64 64  192 168 40  64 64 64  192 168 40  64 64 64  192 168 40  64 64 64  96 96 88  255 255 255  255 255 255  255 255 255  255 255 255  255 255 255
64 64 64  192 168 40  240 240 40  64 64 64  64 64 64  200 200 168  64 64 64  64 64 64  64 64 64  192 168 40  64 64 64  240 240 40  240 240 40  64 64 64  192 168 40  64 64 64  192 168 40  64 64 64  64 64 64  96 96 88  255 255 255  255 255 255  255 255 255  255 255 255  255 255 255
96 96 88  64 64 64  192 168 40  240 240 40  240 240 40  64 64 64  200 200 168  64 64 64  192 168 40  192 168 40  192 168 40  64 64 64  64 64 64  64 64 64  192 168 40  64 64 64  64 64 64  240 240 40  192 168 40  64 64 64  255 255 255  255 255 255  255 255 255  255 255 255  255 255 255
64 64 64  184 184 176  64 64 64  192 168 40  240 240 40  192 168 40  64 64 64  64 64 64  64 64 64  192 168 40  240 96 80  240 96 80  192 168 40  192 168 40  64 64 64  240 240 40  240 240 40  240 240 40  192 168 40  64 64 64  255 255 255  255 255 255  255 255 255  255 255 255  255 255 255
96 96 88  64 64 64  64 64 64  192 168 40  64 64 64  64 64 64  64 64 64  248 248 248  248 248 248  64 64 64  192 168 40  192 168 40  192 168 40  64 64 64  64 64 64  192 168 40  64 64 64  192 168 40  64 64 64  255 255 255  255 255 255  255 255 255  255 255 255  255 255 255  255 255 255
255 255 255  255 255 255  255 255 255  64 64 64  64 64 64  192 168 40  96 96 88  184 184 176  184 184 176  96 96 88  96 96 88  96 96 88  96 96 88  255 255 255  255 255 255  64 64 64  200 200 168  64 64 64  192 168 40  96 96 88  96 96 88  255 255 255  255 255 255  255 255 255  255 255 255
255 255 255  255 255 255  96 96 88  248 248 248  192 168 40  192 168 40  192 168 40  96 96 88  96 96 88  255 255 255  255 255 255  255 255 255  255 255 255  255 255 255  255 255 255  255 255 255  96 96 88  192 168 40  192 168 40  192 168 40  248 248 248  96 96 88  255 255 255  255 255 255  255 255 255
255 255 255  255 255 255  96 96 88  96 96 88  96 96 88  96 96 88  96 96 88  255 255 255  255 255 255  255 255 255  255 255 255  255 255 255  255 255 255  255 255 255  255 255 255  255 255 255  96 96 88  96 96 88  96 96 88  96 96 88  96 96 88  96 96 88  255 255 255  255 255 255  255 255 255
