20
16
255 255 255  255 255 255  255 255 255  255 255 255  255 255 255  64 64 64  64 64 64  64 64 64  64 64 64  64 64 64  255 255 255  255 255 255  255 255 255  255 255 255  255 255 255  255 255 255
255 255 255  255 255 255  255 255 255  255 255 255  64 64 64  240 240 40  64 64 64  240 240 40  64 64 64  240 240 40  64 64 64  255 255 255  255 255 255  255 255 255  255 255 255  255 255 255
255 255 255  255 255 255  255 255 255  64 64 64  240 240 40  64 64 64  240 240 40  64 64 64  240 240 40  184 160 64  184 160 64  64 64 64  255 255 255  255 255 255  255 255 255  255 255 255
255 255 255  255 255 255  64 64 64  240 240 40  64 64 64  240 240 40  64 64 64  240 240 40  184 160 64  64 64 64  64 64 64  64 64 64  255 255 255  255 255 255  255 255 255  255 255 255
255 255 255  255 255 255  64 64 64  184 160 64  64 64 64  240 240 40  64 64 64  184 160 64  64 64 64  104 168 152  104 168 152  64 64 64  64 64 64  255 255 255  255 255 255  255 255 255
255 255 255  255 255 255  255 255 255  64 64 64  64 64 64  184 160 64  64 64 64  64 64 64  104 168 152  104 168 152  104 168 152  104 168 152  64 64 64  255 255 255  255 255 255  255 255 255
255 255 255  255 255 255  64 64 64  208 96 64  64 64 64  64 64 64  104 168 152  104 168 152  64 64 64  64 64 64  104 168 152  104 168 152  64 64 64  255 255 255  255 255 255  255 255 255
255 255 255  64 64 64  64 64 64  208 96 64  160 192 248  160 192 248  160 192 248  64 64 64  208 96 64  248 248 248  104 168 152  104 168 152  64 64 64  64 64 64  255 255 255  255 255 255
64 64 64  160 192 248  64 64 64  160 192 248  160 192 248  160 192 248  160 192 248  104 168 152  208 96 64  248 248 248  104 168 152  64 64 64  160 192 248  160 192 248  64 64 64  255 255 255
64 64 64  160 192 248  160 192 248  64 64 64  160 192 248  160 192 248  128 128 112  104 168 152  104 168 152  104 168 152  104 168 152  64 64 64  160 192 248  160 192 248  160 192 248  64 64 64
64 64 64  104 168 152  104 168 152  104 168 152  64 64 64  64 64 64  64 64 64  104 168 152  104 168 152  104 168 152  64 64 64  64 64 64  64 64 64  160 192 248  160 192 248  64 64 64
255 255 255  64 64 64  64 64 64  104 168 152  104 168 152  64 64 64  104 168 152  104 168 152  104 168 152  104 168 152  104 168 152  104 168 152  104 168 152  104 168 152  104 168 152  64 64 64
255 255 255  255 255 255  255 255 255  64 64 64  64 64 64  104 168 152  160 192 248  160 192 248  160 192 248  104 168 152  104 168 152  104 168 152  104 168 152  64 64 64  64 64 64  255 255 255
255 255 255  255 255 255  255 255 255  255 255 255  64 64 64  64 64 64  160 192 248  160 192 248  160 192 248  104 168 152  104 168 152  64 64 64  64 64 64  255 255 255  255 255 255  255 255 255
255 255 255  255 255 255  255 255 255  255 255 255  96 96 88  160 192 248  160 192 248  160 192 248  160 192 248  104 168 152  96 96 88  96 96 88  255 255 255  255 255 255  255 255 255  255 255 255
255 255 255  255 255 255  255 255 255  255 255 255  96 96 88  96 96 88  160 192 248  160 192 248  104 168 152  104 168 152  104 168 152  96 96 88  255 255 255  255 255 255  255 255 255  255 255 255
255 255 255  255 255 255  255 255 255  96 96 88  104 168 152  104 168 152  104 168 152  104 168 152  104 168 152  104 168 152  96 96 88  96 96 88  255 255 255  255 255 255  255 255 255  255 255 255
255 255 255  255 255 255  255 255 255  96 96 88  104 168 152  104 168 152  96 96 88  96 96 88  96 96 88  104 168 152  160 192 248  160 192 248  96 96 88  255 255 255  255 255 255  255 255 255
255 255 255  255 255 255  255 255 255  255 255 255  96 96 88  96 96 88  255 255 255  255 255 255  255 255 255  96 96 88  104 168 152  160 192 248  96 96 88  255 255 255  255 255 255  255 255 255
255 255 255  255 255 255  255 255 255  255 255 255  255 255 255  255 255 255  255 255 255  255 255 255  255 255 255  255 255 255  96 96 88  96 96 88  255 255 255  255 255 255  255 255 255  255 255 255
