21
27
255 255 255  255 255 255  255 255 255  255 255 255  255 255 255  255 255 255  255 255 255  255 255 255  255 255 255  255 255 255  64 64 64  64 64 64  64 64 64  255 255 255  255 255 255  255 255 255  255 255 255  255 255 255  255 255 255  255 255 255  255 255 255  255 255 255  255 255 255  255 255 255  255 255 255  255 255 255  255 255 255
255 255 255  255 255 255  255 255 255  255 255 255  255 255 255  255 255 255  255 255 255  255 255 255  64 64 64  64 64 64  240 240 40  192 168 40  64 64 64  64 64 64  64 64 64  255 255 255  255 255 255  255 255 255  255 255 255  255 255 255  255 255 255  255 255 255  255 255 255  255 255 255  255 255 255  255 255 255  255 255 255
255 255 255  255 255 255  255 255 255  255 255 255  255 255 255  255 255 255  255 255 255  64 64 64  64 64 64  240 240 40  192 168 40  64 64 64  240 240 40  240 240 40  192 168 40  64 64 64  255 255 255  255 255 255  255 255 255  255 255 255  255 255 255  255 255 255  255 255 255  255 255 255  255 255 255  255 255 255  255 255 255
255 255 255  255 255 255  255 255 255  255 255 255  255 255 255  255 255 255  64 64 64  240 240 40  64 64 64  192 168 40  64 64 64  240 240 40  192 168 40  64 64 64  64 64 64  64 64 64  255 255 255  255 255 255  255 255 255  255 255 255  255 255 255  255 255 255  255 255 255  255 255 255  255 255 255  255 255 255  255 255 255
255 255 255  255 255 255  255 255 255  255 255 255  255 255 255  255 255 255  64 64 64  192 168 40  64 64 64  192 168 40  64 64 64  192 168 40  64 64 64  144 120 200  144 120 200  144 120 200  64 64 64  64 64 64  64 64 64  64 64 64  255 255 255  255 255 255  255 255 255  255 255 255  255 255 255  255 255 255  255 255 255
255 255 255  255 255 255  255 255 255  255 255 255  255 255 255  255 255 255  64 64 64  64 64 64  144 120 200  64 64 64  64 64 64  64 64 64  144 120 200  144 120 200  144 120 200  144 120 200  64 64 64  240 96 80  240 96 80  240 96 80  64 64 64  64 64 64  255 255 255  255 255 255  255 255 255  255 255 255  255 255 255
255 255 255  255 255 255  64 64 64  64 64 64  64 64 64  64 64 64  240 96 80  64 64 64  192 160 200  192 160 200  144 120 200  144 120 200  144 120 200  64 64 64  120 120 120  144 120 200  64 64 64  144 120 200  144 120 200  144 120 200  240 96 80  240 96 80  64 64 64  64 64 64  255 255 255  255 255 255  255 255 255
255 255 255  64 64 64  192 160 200  192 160 200  144 120 200  64 64 64  144 120 200  64 64 64  64 64 64  192 160 200  144 120 200  192 160 200  64 64 64  184 184 176  64 64 64  144 120 200  64 64 64  144 120 200  144 120 200  144 120 200  144 120 200  192 160 200  192 160 200  192 160 200  64 64 64  255 255 255  255 255 255
64 64 64  192 160 200  192 160 200  192 160 200  64 64 64  64 64 64  144 120 200  64 64 64  192 160 200  192 160 200  144 120 200  64 64 64  240 96 80  248 248 248  64 64 64  144 120 200  64 64 64  144 120 200  144 120 200  144 120 200  144 120 200  192 160 200  64 64 64  192 160 200  192 160 200  64 64 64  255 255 255
64 64 64  192 160 200  192 160 200  192 160 200  144 120 200  64 64 64  64 64 64  144 120 200  64 64 64  144 120 200  144 120 200  144 120 200  144 120 200  144 120 200  144 120 200  64 64 64  144 120 200  64 64 64  64 64 64  144 120 200  64 64 64  64 64 64  144 120 200  240 96 80  192 160 200  192 160 200  64 64 64
64 64 64  144 120 200  144 120 200  144 120 200  64 64 64  64 64 64  144 120 200  64 64 64  144 120 200  248 248 248  64 64 64  64 64 64  64 64 64  248 248 248  64 64 64  144 120 200  144 120 200  64 64 64  144 120 200  64 64 64  192 160 200  192 160 200  240 96 80  192 160 200  240 96 80  144 120 200  64 64 64
255 255 255  64 64 64  144 120 200  144 120 200  64 64 64  144 120 200  144 120 200  64 64 64  192 160 200  144 120 200  96 96 88  192 160 200  192 160 200  192 160 200  192 160 200  144 120 200  144 120 200  64 64 64  144 120 200  64 64 64  192 160 200  192 160 200  192 160 200  240 96 80  192 160 200  144 120 200  64 64 64
255 255 255  255 255 255  64 64 64  64 64 64  240 96 80  144 120 200  64 64 64  64 64 64  192 160 200  144 120 200  64 64 64  192 160 200  192 160 200  192 160 200  192 160 200  144 120 200  64 64 64  144 120 200  64 64 64  64 64 64  144 120 200  192 160 200  192 160 200  144 120 200  144 120 200  64 64 64  64 64 64
255 255 255  255 255 255  255 255 255  255 255 255  64 64 64  64 64 64  255 255 255  64 64 64  192 160 200  144 120 200  64 64 64  144 120 200  192 160 200  192 160 200  192 160 200  144 120 200  64 64 64  64 64 64  64 64 64  255 255 255  64 64 64  144 120 200  144 120 200  144 120 200  64 64 64  64 64 64  255 255 255
255 255 255  255 255 255  255 255 255  255 255 255  255 255 255  255 255 255  255 255 255  255 255 255  64 64 64  64 64 64  144 120 200  64 64 64  64 64 64  64 64 64  64 64 64  64 64 64  192 168 40  192 168 40  64 64 64  255 255 255  255 255 255  64 64 64  64 64 64  64 64 64  64 64 64  255 255 255  255 255 255
255 255 255  255 255 255  255 255 255  255 255 255  255 255 255  255 255 255  255 255 255  255 255 255  255 255 255  64 64 64  192 168 40  240 240 40  240 240 40  240 240 40  192 168 40  192 168 40  64 64 64  64 64 64  255 255 255  255 255 255  255 255 255  255 255 255  255 255 255  255 255 255  255 255 255  255 255 255  255 255 255
255 255 255  255 255 255  255 255 255  255 255 255  255 255 255  255 255 255  255 255 255  255 255 255  96 96 88  144 120 200  64 64 64  64 64 64  64 64 64  64 64 64  64 64 64  64 64 64  120 120 120  64 64 64  96 96 88  255 255 255  255 255 255  255 255 255  255 255 255  255 255 255  255 255 255  255 255 255  255 255 255
255 255 255  255 255 255  255 255 255  255 255 255  255 255 255  255 255 255  255 255 255  96 96 88  192 160 200  144 120 200  64 64 64  120 120 120  120 120 120  120 120 120  120 120 120  120 120 120  64 64 64  144 120 200  192 160 200  96 96 88  255 255 255  255 255 255  255 255 255  255 255 255  255 255 255  255 255 255  255 255 255
255 255 255  255 255 255  255 255 255  255 255 255  255 255 255  255 255 255  96 96 88  192 160 200  144 120 200  144 120 200  144 120 200  64 64 64  64 64 64  64 64 64  64 64 64  64 64 64  144 120 200  144 120 200  192 160 200  96 96 88  255 255 255  255 255 255  255 255 255  255 255 255  255 255 255  255 255 255  255 255 255
255 255 255  255 255 255  255 255 255  255 255 255  255 255 255  255 255 255  96 96 88  96 96 88  96 96 88  96 96 88  96 96 88  255 255 255  255 255 255  255 255 255  255 255 255  96 96 88  144 120 200  144 120 200  192 160 200  192 160 200  96 96 88  255 255 255  255 255 255  255 255 255  255 255 255  255 255 255  255 255 255
255 255 255  255 255 255  255 255 255  255 255 255  255 255 255  255 255 255  255 255 255  255 255 255  255 255 255  255 255 255  255 255 255  255 255 255  255 255 255  255 255 255  255 255 255  255 255 255  96 96 88  96 96 88  96 96 88  96 96 88  96 96 88  255 255 255  255 255 255  255 255 255  255 255 255  255 255 255  255 255 255
