20
26
255 255 255  96 96 88  96 96 88  96 96 88  96 96 88  255 255 255  255 255 255  255 255 255  255 255 255  255 255 255  64 64 64  64 64 64  255 255 255  255 255 255  255 255 255  255 255 255  255 255 255  255 255 255  255 255 255  96 96 88  96 96 88  96 96 88  96 96 88  255 255 255  255 255 255  255 255 255
96 96 88  160 192 248  64 64 64  160 192 248  64 64 64  96 96 88  255 255 255  255 255 255  64 64 64  64 64 64  240 240 40  184 160 64  64 64 64  64 64 64  64 64 64  255 255 255  255 255 255  255 255 255  96 96 88  160 192 248  64 64 64  160 192 248  64 64 64  96 96 88  96 96 88  255 255 255
96 96 88  104 168 152  64 64 64  104 168 152  96 96 88  104 168 152  96 96 88  64 64 64  96 96 88  240 240 40  184 160 64  96 96 88  240 240 40  240 240 40  184 160 64  64 64 64  255 255 255  255 255 255  96 96 88  104 168 152  64 64 64  104 168 152  64 64 64  104 168 152  64 64 64  96 96 88
64 64 64  64 64 64  96 96 88  64 64 64  64 64 64  96 96 88  64 64 64  240 240 40  96 96 88  240 240 40  96 96 88  240 240 40  184 160 64  64 64 64  64 64 64  64 64 64  255 255 255  255 255 255  96 96 88  64 64 64  64 64 64  96 96 88  64 64 64  96 96 88  104 168 152  64 64 64
255 255 255  96 96 88  104 168 152  64 64 64  104 168 152  104 168 152  64 64 64  184 160 64  64 64 64  184 160 64  64 64 64  184 160 64  64 64 64  104 168 152  104 168 152  64 64 64  64 64 64  64 64 64  96 152 128  64 64 64  104 168 152  104 168 152  160 192 248  96 96 88  64 64 64  64 64 64
255 255 255  64 64 64  104 168 152  104 168 152  64 64 64  64 64 64  64 64 64  64 64 64  104 168 152  64 64 64  64 64 64  64 64 64  104 168 152  104 168 152  104 168 152  104 168 152  64 64 64  104 168 152  64 64 64  64 64 64  64 64 64  64 64 64  64 64 64  104 168 152  64 64 64  255 255 255
255 255 255  255 255 255  64 64 64  64 64 64  104 168 152  104 168 152  64 64 64  64 64 64  160 192 248  160 192 248  104 168 152  104 168 152  104 168 152  64 64 64  128 128 112  104 168 152  64 64 64  104 168 152  104 168 152  104 168 152  64 64 64  96 96 88  104 168 152  64 64 64  255 255 255  255 255 255
255 255 255  255 255 255  255 255 255  255 255 255  64 64 64  104 168 152  64 64 64  96 152 128  64 64 64  160 192 248  104 168 152  160 192 248  64 64 64  184 184 184  184 184 184  104 168 152  64 64 64  104 168 152  104 168 152  104 168 152  104 168 152  64 64 64  96 96 88  255 255 255  255 255 255  255 255 255
255 255 255  255 255 255  255 255 255  255 255 255  255 255 255  64 64 64  64 64 64  184 160 64  160 192 248  160 192 248  104 168 152  64 64 64  208 96 64  248 248 248  104 168 152  184 160 64  64 64 64  104 168 152  104 168 152  104 168 152  104 168 152  64 64 64  104 168 152  255 255 255  255 255 255  255 255 255
255 255 255  255 255 255  255 255 255  255 255 255  64 64 64  160 192 248  160 192 248  64 64 64  240 240 40  160 192 248  104 168 152  104 168 152  64 64 64  104 168 152  184 160 64  64 64 64  104 168 152  64 64 64  104 168 152  160 192 248  160 192 248  160 192 248  64 64 64  255 255 255  255 255 255  255 255 255
255 255 255  96 96 88  96 96 88  64 64 64  64 64 64  64 64 64  160 192 248  104 168 152  64 64 64  240 240 40  240 240 40  240 240 40  240 240 40  184 160 64  64 64 64  104 168 152  104 168 152  64 64 64  64 64 64  160 192 248  160 192 248  160 192 248  160 192 248  64 64 64  255 255 255  255 255 255
96 96 88  160 192 248  64 64 64  160 192 248  64 64 64  160 192 248  64 64 64  64 64 64  160 192 248  64 64 64  64 64 64  64 64 64  64 64 64  64 64 64  160 192 248  104 168 152  104 168 152  64 64 64  64 64 64  64 64 64  64 64 64  64 64 64  64 64 64  64 64 64  255 255 255  255 255 255
64 64 64  160 192 248  64 64 64  160 192 248  64 64 64  104 168 152  64 64 64  64 64 64  104 168 152  160 192 248  96 96 88  160 192 248  160 192 248  160 192 248  160 192 248  104 168 152  96 96 88  64 64 64  160 192 248  64 64 64  160 192 248  64 64 64  160 192 248  64 64 64  96 96 88  255 255 255
255 255 255  64 64 64  104 168 152  104 168 152  104 168 152  104 168 152  64 64 64  96 96 88  64 64 64  96 96 88  160 192 248  96 96 88  96 96 88  96 96 88  96 96 88  96 96 88  104 168 152  64 64 64  104 168 152  64 64 64  160 192 248  64 64 64  160 192 248  64 64 64  96 96 88  255 255 255
255 255 255  255 255 255  64 64 64  64 64 64  64 64 64  64 64 64  96 96 88  96 96 88  96 152 128  64 64 64  160 192 248  160 192 248  160 192 248  160 192 248  104 168 152  104 168 152  64 64 64  64 64 64  104 168 152  104 168 152  104 168 152  104 168 152  104 168 152  64 64 64  255 255 255  255 255 255
255 255 255  255 255 255  255 255 255  255 255 255  255 255 255  255 255 255  255 255 255  255 255 255  96 96 88  96 96 88  64 64 64  64 64 64  64 64 64  64 64 64  64 64 64  64 64 64  96 96 88  64 64 64  64 64 64  64 64 64  64 64 64  64 64 64  64 64 64  255 255 255  255 255 255  255 255 255
255 255 255  255 255 255  255 255 255  255 255 255  255 255 255  255 255 255  255 255 255  96 96 88  160 192 248  160 192 248  64 64 64  128 128 112  128 128 112  128 128 112  96 96 88  96 96 88  64 64 64  104 168 152  96 96 88  255 255 255  255 255 255  255 255 255  255 255 255  255 255 255  255 255 255  255 255 255
255 255 255  255 255 255  255 255 255  255 255 255  255 255 255  255 255 255  96 96 88  160 192 248  160 192 248  160 192 248  104 168 152  64 64 64  64 64 64  64 64 64  64 64 64  64 64 64  104 168 152  104 168 152  160 192 248  96 96 88  255 255 255  255 255 255  255 255 255  255 255 255  255 255 255  255 255 255
255 255 255  255 255 255  255 255 255  255 255 255  255 255 255  255 255 255  255 255 255  96 96 88  96 96 88  96 96 88  96 96 88  255 255 255  255 255 255  255 255 255  255 255 255  96 96 88  104 168 152  104 168 152  160 192 248  160 192 248  96 96 88  255 255 255  255 255 255  255 255 255  255 255 255  255 255 255
255 255 255  255 255 255  255 255 255  255 255 255  255 255 255  255 255 255  255 255 255  255 255 255  255 255 255  255 255 255  255 255 255  255 255 255  255 255 255  255 255 255  255 255 255  255 255 255  96 96 88  96 96 88  96 96 88  96 96 88  96 96 88  255 255 255  255 255 255  255 255 255  255 255 255  255 255 255
