20
23
255 255 255  255 255 255  255 255 255  255 255 255  255 255 255  255 255 255  255 255 255  255 255 255  255 255 255  255 255 255  255 255 255  64 64 64  64 64 64  64 64 64  255 255 255  255 255 255  255 255 255  255 255 255  255 255 255  255 255 255  255 255 255  255 255 255  255 255 255
255 255 255  255 255 255  255 255 255  255 255 255  255 255 255  255 255 255  255 255 255  255 255 255  255 255 255  255 255 255  64 64 64  240 224 40  240 224 40  184 160 88  64 64 64  255 255 255  255 255 255  255 255 255  255 255 255  255 255 255  255 255 255  255 255 255  255 255 255
255 255 255  255 255 255  255 255 255  255 255 255  255 255 255  255 255 255  255 255 255  255 255 255  255 255 255  64 64 64  184 160 88  184 160 88  64 64 64  64 64 64  64 64 64  255 255 255  255 255 255  255 255 255  255 255 255  255 255 255  255 255 255  255 255 255  255 255 255
255 255 255  255 255 255  255 255 255  255 255 255  255 255 255  255 255 255  255 255 255  255 255 255  255 255 255  64 64 64  184 160 88  64 64 64  255 255 255  255 255 255  255 255 255  255 255 255  255 255 255  255 255 255  255 255 255  255 255 255  255 255 255  255 255 255  255 255 255
255 255 255  64 64 64  255 255 255  255 255 255  255 255 255  255 255 255  255 255 255  255 255 255  64 64 64  64 64 64  184 160 88  64 64 64  64 64 64  255 255 255  255 255 255  255 255 255  255 255 255  255 255 255  255 255 255  255 255 255  255 255 255  255 255 255  255 255 255
64 64 64  144 240 72  64 64 64  255 255 255  255 255 255  255 255 255  255 255 255  64 64 64  240 224 40  64 64 64  64 64 64  184 160 88  64 64 64  64 64 64  255 255 255  255 255 255  255 255 255  255 255 255  255 255 255  255 255 255  255 255 255  255 255 255  255 255 255
64 64 64  144 240 72  144 240 72  64 64 64  64 64 64  255 255 255  255 255 255  64 64 64  240 224 40  240 224 40  240 224 40  184 160 88  64 64 64  184 160 88  64 64 64  255 255 255  255 255 255  255 255 255  255 255 255  255 255 255  255 255 255  255 255 255  255 255 255
64 64 64  144 240 72  144 240 72  144 240 72  152 200 72  64 64 64  64 64 64  240 224 40  64 64 64  64 64 64  64 64 64  64 64 64  184 160 88  184 160 88  184 160 88  64 64 64  255 255 255  255 255 255  255 255 255  255 255 255  64 64 64  64 64 64  64 64 64
64 64 64  144 240 72  144 240 72  144 240 72  152 200 72  152 200 72  64 64 64  240 224 40  240 224 40  152 200 72  184 160 88  184 160 88  184 160 88  184 160 88  184 160 88  64 64 64  64 64 64  64 64 64  64 64 64  64 64 64  144 240 72  144 240 72  64 64 64
255 255 255  64 64 64  144 240 72  152 200 72  152 200 72  152 200 72  64 64 64  152 200 72  240 224 40  240 224 40  184 160 88  184 160 88  184 160 88  64 64 64  64 64 64  152 200 72  144 240 72  144 240 72  144 240 72  144 240 72  144 240 72  144 240 72  64 64 64
255 255 255  64 64 64  152 200 72  152 200 72  152 200 72  152 200 72  64 64 64  240 224 40  240 224 40  152 200 72  184 160 88  184 160 88  64 64 64  152 200 72  152 200 72  152 200 72  152 200 72  144 240 72  144 240 72  144 240 72  144 240 72  64 64 64  255 255 255
255 255 255  255 255 255  64 64 64  152 200 72  152 200 72  64 64 64  184 184 184  240 224 40  248 248 248  248 248 248  248 248 248  184 160 88  64 64 64  152 200 72  152 200 72  152 200 72  152 200 72  144 240 72  144 240 72  144 240 72  144 240 72  64 64 64  255 255 255
255 255 255  255 255 255  255 255 255  64 64 64  64 64 64  64 64 64  248 248 248  240 224 40  248 248 248  64 64 64  248 248 248  184 160 88  64 64 64  152 200 72  152 200 72  152 200 72  152 200 72  152 200 72  144 240 72  144 240 72  64 64 64  255 255 255  255 255 255
255 255 255  255 255 255  255 255 255  255 255 255  64 64 64  248 248 248  240 224 40  240 224 40  248 248 248  248 248 248  248 248 248  184 160 88  184 160 88  64 64 64  152 200 72  152 200 72  152 200 72  152 200 72  64 64 64  64 64 64  255 255 255  255 255 255  255 255 255
255 255 255  255 255 255  255 255 255  64 64 64  64 64 64  184 160 88  240 224 40  240 224 40  240 224 40  184 160 88  184 160 88  184 160 88  184 160 88  64 64 64  64 64 64  64 64 64  64 64 64  64 64 64  255 255 255  255 255 255  255 255 255  255 255 255  255 255 255
255 255 255  255 255 255  255 255 255  64 64 64  240 144 240  64 64 64  184 160 88  184 160 88  184 160 88  184 160 88  184 160 88  184 160 88  64 64 64  64 64 64  64 64 64  255 255 255  255 255 255  255 255 255  255 255 255  255 255 255  255 255 255  255 255 255  255 255 255
255 255 255  255 255 255  255 255 255  96 96 88  224 72 40  240 144 240  96 96 88  96 96 88  96 96 88  96 96 88  96 96 88  96 96 88  224 72 40  224 72 40  96 96 88  255 255 255  255 255 255  255 255 255  255 255 255  255 255 255  255 255 255  255 255 255  255 255 255
255 255 255  255 255 255  255 255 255  255 255 255  96 96 88  224 72 40  240 144 240  240 144 240  240 144 240  240 144 240  224 72 40  224 72 40  224 72 40  96 96 88  255 255 255  255 255 255  255 255 255  255 255 255  255 255 255  255 255 255  255 255 255  255 255 255  255 255 255
255 255 255  255 255 255  255 255 255  255 255 255  255 255 255  96 96 88  96 96 88  224 72 40  224 72 40  224 72 40  224 72 40  96 96 88  96 96 88  255 255 255  255 255 255  255 255 255  255 255 255  255 255 255  255 255 255  255 255 255  255 255 255  255 255 255  255 255 255
255 255 255  255 255 255  255 255 255  255 255 255  255 255 255  255 255 255  255 255 255  96 96 88  96 96 88  96 96 88  96 96 88  255 255 255  255 255 255  255 255 255  255 255 255  255 255 255  255 255 255  255 255 255  255 255 255  255 255 255  255 255 255  255 255 255  255 255 255
