21
28
255 255 255  255 255 255  255 255 255  255 255 255  255 255 255  255 255 255  255 255 255  255 255 255  255 255 255  255 255 255  96 96 88  64 64 64  64 64 64  64 64 64  96 96 88  255 255 255  255 255 255  255 255 255  255 255 255  255 255 255  255 255 255  255 255 255  255 255 255  255 255 255  255 255 255  255 255 255  255 255 255  255 255 255
255 255 255  255 255 255  255 255 255  255 255 255  255 255 255  255 255 255  255 255 255  64 64 64  64 64 64  64 64 64  64 64 64  64 64 64  64 64 64  200 200 168  64 64 64  64 64 64  96 96 88  255 255 255  255 255 255  255 255 255  255 255 255  255 255 255  255 255 255  255 255 255  255 255 255  255 255 255  255 255 255  255 255 255
255 255 255  255 255 255  255 255 255  255 255 255  255 255 255  64 64 64  64 64 64  152 200 72  120 152 72  64 64 64  120 152 72  152 200 72  152 200 72  64 64 64  200 200 168  200 200 168  64 64 64  96 96 88  255 255 255  255 255 255  255 255 255  255 255 255  255 255 255  255 255 255  255 255 255  255 255 255  255 255 255  255 255 255
255 255 255  255 255 255  255 255 255  255 255 255  64 64 64  152 200 72  152 200 72  152 200 72  120 152 72  120 152 72  152 200 72  152 200 72  152 200 72  152 200 72  64 64 64  200 200 168  200 200 168  64 64 64  255 255 255  255 255 255  255 255 255  255 255 255  255 255 255  255 255 255  255 255 255  255 255 255  255 255 255  255 255 255
255 255 255  255 255 255  255 255 255  64 64 64  144 240 72  120 152 72  144 240 72  120 152 72  120 152 72  152 200 72  152 200 72  152 200 72  144 240 72  144 240 72  64 64 64  200 200 168  200 200 168  64 64 64  96 96 88  255 255 255  255 255 255  255 255 255  255 255 255  255 255 255  255 255 255  255 255 255  255 255 255  255 255 255
255 255 255  255 255 255  255 255 255  64 64 64  64 64 64  64 64 64  144 240 72  120 152 72  144 240 72  144 240 72  152 200 72  144 240 72  144 240 72  144 240 72  144 240 72  64 64 64  200 200 168  200 200 168  64 64 64  255 255 255  255 255 255  255 255 255  255 255 255  255 255 255  255 255 255  255 255 255  255 255 255  255 255 255
255 255 255  255 255 255  255 255 255  255 255 255  64 64 64  64 64 64  144 240 72  144 240 72  144 240 72  64 64 64  64 64 64  144 240 72  144 240 72  144 240 72  144 240 72  64 64 64  200 200 168  200 200 168  64 64 64  255 255 255  255 255 255  255 255 255  255 255 255  255 255 255  255 255 255  255 255 255  255 255 255  255 255 255
255 255 255  255 255 255  255 255 255  64 64 64  64 64 64  64 64 64  144 240 72  144 240 72  64 64 64  64 64 64  112 112 112  64 64 64  64 64 64  144 240 72  144 240 72  64 64 64  200 200 168  200 200 168  64 64 64  96 96 88  255 255 255  255 255 255  64 64 64  64 64 64  255 255 255  255 255 255  255 255 255  255 255 255
64 64 64  64 64 64  255 255 255  64 64 64  224 72 40  184 184 184  64 64 64  64 64 64  112 112 112  112 112 112  184 184 184  112 112 112  112 112 112  64 64 64  64 64 64  64 64 64  200 200 168  200 200 168  200 200 168  64 64 64  64 64 64  64 64 64  144 240 72  64 64 64  255 255 255  255 255 255  255 255 255  255 255 255
64 64 64  144 240 72  64 64 64  64 64 64  224 72 40  64 64 64  112 112 112  112 112 112  112 112 112  112 112 112  248 248 248  184 184 184  64 64 64  224 72 40  64 64 64  200 200 168  200 200 168  200 200 168  64 64 64  64 64 64  64 64 64  144 240 72  144 240 72  64 64 64  255 255 255  64 64 64  64 64 64  64 64 64
64 64 64  144 240 72  144 240 72  64 64 64  224 72 40  240 144 240  64 64 64  64 64 64  64 64 64  64 64 64  64 64 64  64 64 64  224 72 40  224 72 40  64 64 64  200 200 168  64 64 64  64 64 64  144 240 72  144 240 72  144 240 72  144 240 72  144 240 72  64 64 64  64 64 64  240 224 40  240 224 40  64 64 64
64 64 64  144 240 72  144 240 72  144 240 72  64 64 64  224 72 40  240 144 240  240 144 240  240 144 240  240 144 240  240 144 240  224 72 40  224 72 40  64 64 64  200 200 168  64 64 64  152 200 72  152 200 72  144 240 72  144 240 72  144 240 72  144 240 72  64 64 64  64 64 64  184 160 88  240 224 40  240 224 40  64 64 64
64 64 64  144 240 72  144 240 72  120 152 72  152 200 72  64 64 64  64 64 64  224 72 40  224 72 40  224 72 40  224 72 40  64 64 64  64 64 64  184 160 88  64 64 64  152 200 72  152 200 72  152 200 72  152 200 72  120 152 72  152 200 72  144 240 72  64 64 64  64 64 64  184 160 88  184 160 88  64 64 64  255 255 255
255 255 255  64 64 64  144 240 72  144 240 72  120 152 72  64 64 64  184 184 184  64 64 64  64 64 64  64 64 64  64 64 64  184 184 184  184 184 184  64 64 64  152 200 72  152 200 72  152 200 72  152 200 72  120 152 72  152 200 72  144 240 72  64 64 64  64 64 64  255 255 255  96 96 88  96 96 88  255 255 255  255 255 255
255 255 255  64 64 64  152 200 72  152 200 72  144 240 72  64 64 64  64 64 64  184 160 88  184 160 88  248 248 248  64 64 64  248 248 248  64 64 64  64 64 64  152 200 72  152 200 72  120 152 72  120 152 72  152 200 72  152 200 72  152 200 72  64 64 64  255 255 255  255 255 255  255 255 255  255 255 255  255 255 255  255 255 255
255 255 255  255 255 255  64 64 64  152 200 72  152 200 72  120 152 72  64 64 64  240 224 40  240 224 40  184 160 88  184 160 88  184 160 88  184 160 88  64 64 64  120 152 72  120 152 72  120 152 72  152 200 72  152 200 72  152 200 72  64 64 64  255 255 255  255 255 255  255 255 255  255 255 255  255 255 255  255 255 255  255 255 255
255 255 255  255 255 255  255 255 255  96 96 88  152 200 72  152 200 72  96 96 88  240 224 40  240 224 40  240 224 40  152 200 72  120 152 72  184 160 88  184 160 88  96 96 88  120 152 72  152 200 72  152 200 72  152 200 72  96 96 88  255 255 255  255 255 255  255 255 255  255 255 255  255 255 255  255 255 255  255 255 255  255 255 255
255 255 255  255 255 255  255 255 255  255 255 255  96 96 88  96 96 88  152 200 72  96 96 88  240 224 40  240 224 40  240 224 40  240 224 40  184 160 88  184 160 88  184 160 88  96 96 88  96 96 88  96 96 88  96 96 88  255 255 255  255 255 255  255 255 255  255 255 255  255 255 255  255 255 255  255 255 255  255 255 255  255 255 255
255 255 255  255 255 255  255 255 255  255 255 255  255 255 255  255 255 255  96 96 88  96 96 88  96 96 88  120 152 72  240 224 40  240 224 40  240 224 40  120 152 72  152 200 72  184 160 88  96 96 88  255 255 255  255 255 255  255 255 255  255 255 255  255 255 255  255 255 255  255 255 255  255 255 255  255 255 255  255 255 255  255 255 255
255 255 255  255 255 255  255 255 255  255 255 255  255 255 255  255 255 255  255 255 255  255 255 255  255 255 255  96 96 88  96 96 88  184 160 88  184 160 88  184 160 88  184 160 88  96 96 88  255 255 255  255 255 255  255 255 255  255 255 255  255 255 255  255 255 255  255 255 255  255 255 255  255 255 255  255 255 255  255 255 255  255 255 255
255 255 255  255 255 255  255 255 255  255 255 255  255 255 255  255 255 255  255 255 255  255 255 255  255 255 255  255 255 255  255 255 255  96 96 88  96 96 88  96 96 88  96 96 88  255 255 255  255 255 255  255 255 255  255 255 255  255 255 255  255 255 255  255 255 255  255 255 255  255 255 255  255 255 255  255 255 255  255 255 255  255 255 255
