21
19
255 255 255  255 255 255  255 255 255  255 255 255  255 255 255  255 255 255  255 255 255  64 64 64  64 64 64  64 64 64  64 64 64  64 64 64  64 64 64  255 255 255  255 255 255  255 255 255  255 255 255  255 255 255  255 255 255
255 255 255  255 255 255  255 255 255  255 255 255  255 255 255  64 64 64  64 64 64  160 168 240  160 168 240  160 168 240  64 64 64  64 64 64  64 64 64  64 64 64  255 255 255  255 255 255  255 255 255  255 255 255  255 255 255
255 255 255  255 255 255  255 255 255  255 255 255  64 64 64  64 64 64  160 168 240  160 168 240  160 168 240  64 64 64  184 40 152  184 40 152  184 40 152  64 64 64  64 64 64  255 255 255  255 255 255  255 255 255  255 255 255
255 255 255  255 255 255  255 255 255  64 64 64  248 248 248  64 64 64  160 168 240  160 168 240  160 168 240  64 64 64  184 40 152  248 248 248  232 192 136  184 40 152  64 64 64  255 255 255  255 255 255  255 255 255  255 255 255
255 255 255  255 255 255  64 64 64  232 192 136  64 64 64  160 168 240  160 168 240  160 168 240  160 168 240  64 64 64  184 40 152  248 248 248  232 192 136  240 96 80  240 96 80  64 64 64  255 255 255  255 255 255  255 255 255
255 255 255  255 255 255  64 64 64  184 40 152  64 64 64  160 168 240  64 64 64  64 64 64  160 168 240  112 112 200  64 64 64  184 40 152  240 96 80  232 192 136  240 96 80  64 64 64  255 255 255  255 255 255  255 255 255
255 255 255  255 255 255  64 64 64  240 96 80  64 64 64  64 64 64  248 248 248  240 96 80  64 64 64  112 112 200  112 112 200  64 64 64  240 96 80  240 96 80  240 96 80  64 64 64  255 255 255  255 255 255  255 255 255
255 255 255  255 255 255  255 255 255  64 64 64  64 64 64  64 64 64  240 96 80  240 96 80  64 64 64  112 112 200  112 112 200  112 112 200  64 64 64  64 64 64  64 64 64  255 255 255  255 255 255  255 255 255  255 255 255
255 255 255  255 255 255  255 255 255  255 255 255  64 64 64  160 168 240  64 64 64  64 64 64  112 112 200  112 112 200  112 112 200  112 112 200  112 112 200  112 112 200  64 64 64  255 255 255  255 255 255  255 255 255  255 255 255
255 255 255  255 255 255  64 64 64  64 64 64  64 64 64  160 168 240  160 168 240  112 112 200  112 112 200  112 112 200  112 112 200  112 112 200  112 112 200  112 112 200  64 64 64  64 64 64  64 64 64  64 64 64  255 255 255
255 255 255  64 64 64  112 112 200  112 112 200  64 64 64  64 64 64  160 168 240  112 112 200  64 64 64  112 112 200  64 64 64  64 64 64  64 64 64  64 64 64  112 112 200  112 112 200  112 112 200  112 112 200  64 64 64
255 255 255  64 64 64  160 168 240  160 168 240  184 184 176  64 64 64  160 168 240  160 168 240  112 112 200  64 64 64  184 184 176  184 184 176  64 64 64  112 112 200  112 112 200  112 112 200  112 112 200  112 112 200  64 64 64
255 255 255  255 255 255  64 64 64  64 64 64  112 112 200  248 248 248  64 64 64  160 168 240  64 64 64  64 64 64  248 248 248  112 112 200  112 112 200  64 64 64  160 168 240  160 168 240  160 168 240  64 64 64  255 255 255
255 255 255  255 255 255  255 255 255  255 255 255  64 64 64  64 64 64  160 168 240  64 64 64  112 112 200  112 112 200  112 112 200  64 64 64  64 64 64  255 255 255  64 64 64  64 64 64  64 64 64  255 255 255  255 255 255
255 255 255  255 255 255  96 96 88  64 64 64  64 64 64  176 128 88  64 64 64  160 168 240  112 112 200  64 64 64  64 64 64  176 128 88  64 64 64  255 255 255  255 255 255  255 255 255  255 255 255  255 255 255  255 255 255
255 255 255  96 96 88  232 192 136  176 128 88  176 128 88  64 64 64  64 64 64  64 64 64  64 64 64  200 200 168  64 64 64  176 128 88  64 64 64  255 255 255  255 255 255  255 255 255  255 255 255  255 255 255  255 255 255
96 96 88  232 192 136  232 192 136  96 96 88  96 96 88  255 255 255  255 255 255  255 255 255  255 255 255  96 96 88  176 128 88  176 128 88  96 96 88  255 255 255  255 255 255  255 255 255  255 255 255  255 255 255  255 255 255
96 96 88  96 96 88  96 96 88  255 255 255  255 255 255  255 255 255  255 255 255  255 255 255  255 255 255  96 96 88  232 192 136  232 192 136  96 96 88  255 255 255  255 255 255  255 255 255  255 255 255  255 255 255  255 255 255
255 255 255  255 255 255  255 255 255  255 255 255  255 255 255  255 255 255  255 255 255  255 255 255  96 96 88  232 192 136  232 192 136  232 192 136  96 96 88  255 255 255  255 255 255  255 255 255  255 255 255  255 255 255  255 255 255
255 255 255  255 255 255  255 255 255  255 255 255  255 255 255  255 255 255  255 255 255  255 255 255  96 96 88  232 192 136  232 192 136  96 96 88  255 255 255  255 255 255  255 255 255  255 255 255  255 255 255  255 255 255  255 255 255
255 255 255  255 255 255  255 255 255  255 255 255  255 255 255  255 255 255  255 255 255  255 255 255  255 255 255  96 96 88  96 96 88  255 255 255  255 255 255  255 255 255  255 255 255  255 255 255  255 255 255  255 255 255  255 255 255
