11
22
255 255 255  255 255 255  255 255 255  255 255 255  255 255 255  255 255 255  255 255 255  255 255 255  255 255 255  255 255 255  255 255 255  255 255 255  255 255 255  255 255 255  255 255 255  64 64 64  64 64 64  64 64 64  64 64 64  64 64 64  255 255 255  255 255 255
255 255 255  255 255 255  64 64 64  64 64 64  64 64 64  255 255 255  255 255 255  255 255 255  255 255 255  255 255 255  255 255 255  255 255 255  255 255 255  255 255 255  64 64 64  184 184 184  64 64 64  184 184 184  184 184 184  64 64 64  64 64 64  255 255 255
255 255 255  64 64 64  64 64 64  64 64 64  184 184 184  64 64 64  255 255 255  255 255 255  255 255 255  64 64 64  64 64 64  64 64 64  64 64 64  64 64 64  64 64 64  112 112 112  64 64 64  184 184 184  64 64 64  184 184 184  64 64 64  255 255 255
64 64 64  64 64 64  184 184 184  184 184 184  64 64 64  184 184 184  64 64 64  255 255 255  64 64 64  184 184 184  112 112 112  112 112 112  184 184 184  112 112 112  64 64 64  64 64 64  64 64 64  112 112 112  64 64 64  112 112 112  64 64 64  255 255 255
64 64 64  184 184 184  64 64 64  112 112 112  64 64 64  112 112 112  64 64 64  64 64 64  112 112 112  184 184 184  184 184 184  184 184 184  184 184 184  112 112 112  112 112 112  64 64 64  184 184 184  64 64 64  112 112 112  64 64 64  64 64 64  255 255 255
64 64 64  184 184 184  112 112 112  64 64 64  64 64 64  64 64 64  200 200 168  64 64 64  184 184 184  184 184 184  184 184 184  64 64 64  184 184 184  64 64 64  64 64 64  112 112 112  64 64 64  112 112 112  112 112 112  184 184 184  112 112 112  64 64 64
255 255 255  64 64 64  64 64 64  112 112 112  184 184 184  64 64 64  200 200 168  64 64 64  184 184 184  184 184 184  64 64 64  184 184 184  64 64 64  184 184 184  112 112 112  112 112 112  184 184 184  184 184 184  112 112 112  184 184 184  184 184 184  64 64 64
255 255 255  255 255 255  64 64 64  64 64 64  112 112 112  112 112 112  64 64 64  64 64 64  64 64 64  184 184 184  112 112 112  64 64 64  64 64 64  248 248 248  112 112 112  96 96 88  64 64 64  64 64 64  64 64 64  112 112 112  112 112 112  64 64 64
255 255 255  255 255 255  255 255 255  96 96 88  64 64 64  184 184 184  64 64 64  64 64 64  112 112 112  112 112 112  112 112 112  112 112 112  112 112 112  112 112 112  112 112 112  96 96 88  255 255 255  255 255 255  255 255 255  64 64 64  64 64 64  255 255 255
255 255 255  255 255 255  255 255 255  255 255 255  255 255 255  96 96 88  96 96 88  96 96 88  64 64 64  64 64 64  64 64 64  64 64 64  112 112 112  112 112 112  96 96 88  255 255 255  255 255 255  255 255 255  255 255 255  255 255 255  255 255 255  255 255 255
255 255 255  255 255 255  255 255 255  255 255 255  255 255 255  255 255 255  255 255 255  255 255 255  255 255 255  96 96 88  96 96 88  96 96 88  96 96 88  96 96 88  255 255 255  255 255 255  255 255 255  255 255 255  255 255 255  255 255 255  255 255 255  255 255 255
