20
26
255 255 255  255 255 255  255 255 255  64 64 64  64 64 64  255 255 255  255 255 255  255 255 255  255 255 255  255 255 255  255 255 255  64 64 64  64 64 64  64 64 64  255 255 255  255 255 255  255 255 255  255 255 255  255 255 255  255 255 255  64 64 64  255 255 255  255 255 255  255 255 255  255 255 255  255 255 255
255 255 255  255 255 255  64 64 64  248 176 160  232 112 152  64 64 64  64 64 64  64 64 64  64 64 64  64 64 64  64 64 64  248 176 160  248 176 160  232 112 152  64 64 64  255 255 255  255 255 255  255 255 255  255 255 255  64 64 64  184 184 184  64 64 64  255 255 255  255 255 255  255 255 255  255 255 255
255 255 255  255 255 255  64 64 64  232 112 152  96 96 88  248 176 160  248 176 160  248 176 160  232 112 152  232 112 152  64 64 64  248 176 160  96 96 88  232 112 152  64 64 64  255 255 255  255 255 255  255 255 255  255 255 255  64 64 64  184 184 184  128 128 112  64 64 64  255 255 255  255 255 255  255 255 255
255 255 255  255 255 255  255 255 255  64 64 64  248 176 160  248 176 160  248 176 160  248 176 160  232 112 152  232 112 152  232 112 152  232 112 152  64 64 64  232 112 152  64 64 64  255 255 255  255 255 255  255 255 255  64 64 64  128 128 112  128 128 112  64 64 64  255 255 255  255 255 255  255 255 255  255 255 255
255 255 255  255 255 255  64 64 64  184 184 184  232 112 152  248 176 160  248 176 160  232 112 152  248 248 248  248 248 248  232 112 152  232 112 152  232 112 152  64 64 64  255 255 255  255 255 255  255 255 255  64 64 64  184 184 184  64 64 64  64 64 64  64 64 64  96 96 88  255 255 255  255 255 255  255 255 255
255 255 255  255 255 255  64 64 64  248 248 248  232 112 152  232 112 152  232 112 152  248 248 248  64 64 64  248 248 248  248 248 248  232 112 152  232 112 152  64 64 64  255 255 255  255 255 255  255 255 255  64 64 64  184 184 184  184 184 184  128 128 112  128 128 112  64 64 64  255 255 255  255 255 255  255 255 255
255 255 255  255 255 255  232 112 152  232 112 152  128 128 112  128 128 112  128 128 112  128 128 112  248 248 248  248 248 248  248 176 160  232 112 152  232 112 152  64 64 64  255 255 255  255 255 255  64 64 64  184 184 184  64 64 64  184 184 184  128 128 112  128 128 112  64 64 64  96 96 88  255 255 255  255 255 255
255 255 255  255 255 255  64 64 64  128 128 112  240 240 40  240 240 40  240 240 40  240 240 40  128 128 112  128 128 112  232 112 152  232 112 152  232 112 152  64 64 64  255 255 255  64 64 64  64 64 64  184 184 184  184 184 184  64 64 64  64 64 64  64 64 64  128 128 112  64 64 64  96 96 88  255 255 255
255 255 255  64 64 64  64 64 64  240 240 40  240 240 40  240 240 40  128 128 112  240 240 40  184 160 64  184 160 64  128 128 112  232 112 152  64 64 64  200 200 168  64 64 64  184 184 184  64 64 64  184 184 184  184 184 184  184 184 184  128 128 112  128 128 112  128 128 112  64 64 64  96 96 88  255 255 255
64 64 64  128 128 112  248 248 248  64 64 64  184 160 64  184 160 64  184 160 64  184 160 64  184 160 64  184 160 64  64 64 64  232 112 152  232 112 152  64 64 64  248 248 248  128 128 112  64 64 64  64 64 64  184 184 184  184 184 184  184 184 184  128 128 112  64 64 64  128 128 112  128 128 112  96 96 88
64 64 64  248 248 248  248 176 160  232 112 152  64 64 64  64 64 64  64 64 64  64 64 64  64 64 64  64 64 64  232 112 152  232 112 152  64 64 64  248 176 160  248 176 160  248 248 248  64 64 64  128 128 112  64 64 64  64 64 64  64 64 64  64 64 64  128 128 112  128 128 112  128 128 112  96 96 88
255 255 255  64 64 64  232 112 152  64 64 64  232 112 152  64 64 64  64 64 64  64 64 64  232 112 152  232 112 152  232 112 152  96 96 88  248 176 160  248 176 160  232 112 152  64 64 64  184 184 184  184 184 184  184 184 184  248 248 248  64 64 64  248 248 248  128 128 112  128 128 112  128 128 112  96 96 88
255 255 255  255 255 255  64 64 64  232 112 152  248 176 160  248 176 160  248 176 160  248 176 160  232 112 152  232 112 152  232 112 152  232 112 152  248 176 160  232 112 152  232 112 152  64 64 64  64 64 64  64 64 64  184 184 184  96 96 88  96 96 88  96 96 88  128 128 112  128 128 112  128 128 112  96 96 88
255 255 255  255 255 255  64 64 64  248 176 160  248 176 160  248 176 160  248 176 160  248 176 160  248 176 160  232 112 152  232 112 152  232 112 152  232 112 152  64 64 64  64 64 64  232 112 152  232 112 152  248 248 248  96 96 88  184 184 184  184 184 184  184 184 184  128 128 112  128 128 112  96 96 88  255 255 255
255 255 255  255 255 255  64 64 64  128 128 112  128 128 112  128 128 112  128 128 112  128 128 112  128 128 112  232 112 152  232 112 152  232 112 152  232 112 152  232 112 152  64 64 64  232 112 152  232 112 152  96 96 88  96 96 88  96 96 88  96 96 88  128 128 112  128 128 112  128 128 112  96 96 88  255 255 255
255 255 255  255 255 255  64 64 64  240 240 40  240 240 40  240 240 40  240 240 40  240 240 40  128 128 112  232 112 152  232 112 152  232 112 152  232 112 152  232 112 152  64 64 64  232 112 152  96 96 88  128 128 112  128 128 112  128 128 112  128 128 112  96 96 88  96 96 88  96 96 88  255 255 255  255 255 255
255 255 255  255 255 255  64 64 64  128 128 112  128 128 112  128 128 112  128 128 112  128 128 112  128 128 112  128 128 112  248 176 160  232 112 152  232 112 152  232 112 152  96 96 88  96 96 88  96 96 88  96 96 88  96 96 88  96 96 88  96 96 88  255 255 255  255 255 255  255 255 255  255 255 255  255 255 255
255 255 255  255 255 255  96 96 88  64 64 64  240 240 40  240 240 40  240 240 40  240 240 40  240 240 40  128 128 112  248 176 160  248 176 160  232 112 152  232 112 152  96 96 88  255 255 255  255 255 255  255 255 255  255 255 255  255 255 255  255 255 255  255 255 255  255 255 255  255 255 255  255 255 255  255 255 255
255 255 255  255 255 255  96 96 88  248 248 248  232 112 152  232 112 152  96 96 88  96 96 88  96 96 88  96 96 88  248 248 248  232 112 152  248 248 248  96 96 88  255 255 255  255 255 255  255 255 255  255 255 255  255 255 255  255 255 255  255 255 255  255 255 255  255 255 255  255 255 255  255 255 255  255 255 255
255 255 255  255 255 255  255 255 255  96 96 88  96 96 88  96 96 88  255 255 255  255 255 255  255 255 255  255 255 255  96 96 88  96 96 88  96 96 88  255 255 255  255 255 255  255 255 255  255 255 255  255 255 255  255 255 255  255 255 255  255 255 255  255 255 255  255 255 255  255 255 255  255 255 255  255 255 255
