22
24
255 255 255  255 255 255  255 255 255  255 255 255  255 255 255  255 255 255  255 255 255  255 255 255  255 255 255  255 255 255  64 64 64  64 64 64  255 255 255  255 255 255  255 255 255  255 255 255  255 255 255  255 255 255  255 255 255  255 255 255  255 255 255  255 255 255  255 255 255  255 255 255
255 255 255  96 96 88  96 96 88  255 255 255  255 255 255  255 255 255  255 255 255  255 255 255  255 255 255  64 64 64  96 72 200  64 64 64  255 255 255  255 255 255  255 255 255  255 255 255  255 255 255  255 255 255  255 255 255  255 255 255  255 255 255  255 255 255  255 255 255  255 255 255
96 96 88  184 184 184  96 96 88  255 255 255  255 255 255  64 64 64  64 64 64  64 64 64  64 64 64  184 184 184  64 64 64  200 200 168  64 64 64  64 64 64  255 255 255  64 64 64  64 64 64  64 64 64  255 255 255  255 255 255  255 255 255  255 255 255  255 255 255  255 255 255
96 96 88  96 96 88  64 64 64  96 96 88  96 96 88  160 192 248  160 192 248  160 192 248  64 64 64  184 184 184  96 96 88  64 64 64  208 96 64  64 64 64  255 255 255  255 255 255  184 184 184  255 255 255  255 255 255  255 255 255  255 255 255  255 255 255  255 255 255  255 255 255
255 255 255  255 255 255  96 96 88  64 64 64  160 192 248  160 192 248  160 192 248  160 192 248  64 64 64  128 128 112  128 128 112  128 128 112  64 64 64  200 200 168  64 64 64  64 64 64  64 64 64  64 64 64  255 255 255  255 255 255  255 255 255  255 255 255  255 255 255  255 255 255
255 255 255  255 255 255  64 64 64  160 192 248  248 248 248  248 248 248  248 248 248  160 192 248  160 192 248  64 64 64  64 64 64  64 64 64  200 200 168  64 64 64  160 192 248  160 192 248  160 192 248  160 192 248  64 64 64  64 64 64  255 255 255  96 96 88  96 96 88  96 96 88
255 255 255  255 255 255  64 64 64  248 248 248  248 248 248  248 248 248  248 248 248  248 248 248  104 168 152  104 168 152  64 64 64  64 64 64  64 64 64  104 168 152  160 192 248  160 192 248  160 192 248  248 248 248  248 248 248  104 168 152  64 64 64  128 128 112  208 96 64  96 96 88
255 255 255  64 64 64  64 64 64  248 248 248  248 248 248  248 248 248  248 248 248  248 248 248  104 168 152  64 64 64  208 96 64  128 128 112  128 128 112  64 64 64  104 168 152  160 192 248  248 248 248  248 248 248  248 248 248  248 248 248  64 64 64  96 96 88  96 96 88  255 255 255
255 255 255  64 64 64  64 64 64  248 248 248  64 64 64  248 248 248  248 248 248  248 248 248  104 168 152  104 168 152  96 96 88  96 96 88  64 64 64  128 128 112  64 64 64  104 168 152  248 248 248  248 248 248  64 64 64  248 248 248  64 64 64  96 96 88  96 96 88  96 96 88
64 64 64  208 96 64  64 64 64  96 96 88  248 248 248  248 248 248  248 248 248  104 168 152  104 168 152  64 64 64  64 64 64  64 64 64  64 64 64  128 128 112  64 64 64  104 168 152  248 248 248  248 248 248  248 248 248  248 248 248  64 64 64  96 72 200  96 72 200  96 96 88
64 64 64  64 64 64  200 200 168  64 64 64  64 64 64  64 64 64  96 96 88  96 96 88  96 96 88  64 64 64  96 72 200  96 72 200  128 128 112  64 64 64  104 168 152  104 168 152  104 168 152  248 248 248  248 248 248  104 168 152  64 64 64  96 96 88  96 96 88  255 255 255
255 255 255  255 255 255  64 64 64  96 72 200  64 64 64  96 96 88  96 96 88  200 200 168  64 64 64  64 64 64  64 64 64  64 64 64  64 64 64  64 64 64  104 168 152  104 168 152  104 168 152  104 168 152  64 64 64  64 64 64  96 96 88  255 255 255  255 255 255  255 255 255
255 255 255  255 255 255  64 64 64  64 64 64  255 255 255  255 255 255  255 255 255  96 96 88  96 96 88  104 168 152  104 168 152  96 96 88  96 96 88  200 200 168  64 64 64  64 64 64  64 64 64  64 64 64  96 96 88  96 96 88  255 255 255  255 255 255  255 255 255  255 255 255
255 255 255  255 255 255  255 255 255  255 255 255  255 255 255  255 255 255  64 64 64  96 96 88  104 168 152  104 168 152  104 168 152  104 168 152  96 96 88  64 64 64  255 255 255  255 255 255  255 255 255  255 255 255  255 255 255  255 255 255  255 255 255  255 255 255  255 255 255  255 255 255
255 255 255  255 255 255  255 255 255  64 64 64  64 64 64  64 64 64  64 64 64  160 192 248  160 192 248  160 192 248  104 168 152  104 168 152  104 168 152  104 168 152  64 64 64  255 255 255  255 255 255  255 255 255  255 255 255  255 255 255  255 255 255  255 255 255  255 255 255  255 255 255
255 255 255  255 255 255  64 64 64  128 128 112  128 128 112  128 128 112  96 96 88  160 192 248  248 248 248  248 248 248  248 248 248  104 168 152  104 168 152  104 168 152  64 64 64  64 64 64  64 64 64  255 255 255  255 255 255  255 255 255  255 255 255  255 255 255  255 255 255  255 255 255
255 255 255  96 96 88  64 64 64  96 96 88  96 96 88  128 128 112  96 96 88  248 248 248  248 248 248  248 248 248  248 248 248  248 248 248  104 168 152  96 96 88  128 128 112  128 128 112  128 128 112  64 64 64  255 255 255  255 255 255  255 255 255  255 255 255  255 255 255  255 255 255
255 255 255  96 96 88  96 96 88  200 200 168  96 96 88  128 128 112  96 96 88  248 248 248  248 248 248  96 96 88  248 248 248  248 248 248  104 168 152  96 96 88  128 128 112  96 96 88  96 96 88  208 96 64  64 64 64  255 255 255  255 255 255  255 255 255  255 255 255  255 255 255
255 255 255  255 255 255  255 255 255  96 96 88  96 72 200  96 96 88  255 255 255  64 64 64  248 248 248  248 248 248  248 248 248  104 168 152  104 168 152  96 96 88  128 128 112  96 96 88  200 200 168  96 96 88  96 96 88  255 255 255  255 255 255  255 255 255  255 255 255  255 255 255
255 255 255  255 255 255  255 255 255  96 96 88  96 96 88  255 255 255  255 255 255  255 255 255  64 64 64  64 64 64  64 64 64  64 64 64  96 96 88  255 255 255  96 96 88  96 72 200  96 96 88  255 255 255  255 255 255  255 255 255  255 255 255  255 255 255  255 255 255  255 255 255
255 255 255  255 255 255  255 255 255  255 255 255  255 255 255  255 255 255  255 255 255  255 255 255  255 255 255  255 255 255  184 184 184  255 255 255  255 255 255  255 255 255  255 255 255  96 96 88  96 96 88  255 255 255  255 255 255  255 255 255  255 255 255  255 255 255  255 255 255  255 255 255
255 255 255  255 255 255  255 255 255  255 255 255  255 255 255  255 255 255  255 255 255  255 255 255  255 255 255  64 64 64  64 64 64  64 64 64  255 255 255  255 255 255  255 255 255  255 255 255  255 255 255  255 255 255  255 255 255  255 255 255  255 255 255  255 255 255  255 255 255  255 255 255
