20
22
255 255 255  255 255 255  255 255 255  255 255 255  255 255 255  255 255 255  255 255 255  96 96 88  96 96 88  255 255 255  255 255 255  255 255 255  255 255 255  255 255 255  255 255 255  255 255 255  255 255 255  255 255 255  255 255 255  255 255 255  255 255 255  255 255 255
255 255 255  255 255 255  255 255 255  255 255 255  255 255 255  64 64 64  64 64 64  184 160 88  184 160 88  96 96 88  255 255 255  255 255 255  255 255 255  255 255 255  255 255 255  64 64 64  64 64 64  64 64 64  64 64 64  255 255 255  255 255 255  255 255 255
255 255 255  255 255 255  255 255 255  64 64 64  64 64 64  184 160 88  64 64 64  64 64 64  64 64 64  184 160 88  96 96 88  255 255 255  255 255 255  255 255 255  64 64 64  184 160 88  184 160 88  96 96 88  184 160 88  64 64 64  255 255 255  255 255 255
255 255 255  255 255 255  64 64 64  184 160 88  64 64 64  184 160 88  64 64 64  184 160 88  184 160 88  64 64 64  184 160 88  96 96 88  255 255 255  255 255 255  64 64 64  184 160 88  240 240 168  96 96 88  240 240 168  96 96 88  64 64 64  255 255 255
255 255 255  255 255 255  64 64 64  184 160 88  64 64 64  184 160 88  184 160 88  112 112 112  184 160 88  184 160 88  64 64 64  96 96 88  255 255 255  255 255 255  64 64 64  184 160 88  96 96 88  240 240 168  240 240 168  96 96 88  64 64 64  255 255 255
255 255 255  255 255 255  255 255 255  64 64 64  112 112 112  184 160 88  112 112 112  184 160 88  184 160 88  184 160 88  184 160 88  64 64 64  255 255 255  64 64 64  184 160 88  240 240 168  96 96 88  240 240 168  96 96 88  96 96 88  240 240 168  64 64 64
255 255 255  255 255 255  255 255 255  64 64 64  112 112 112  112 112 112  184 160 88  96 96 88  64 64 64  64 64 64  184 160 88  64 64 64  255 255 255  64 64 64  184 160 88  240 240 168  240 240 168  240 240 168  96 96 88  240 240 168  96 96 88  64 64 64
255 255 255  255 255 255  255 255 255  64 64 64  112 112 112  184 160 88  184 160 88  248 248 248  64 64 64  248 248 248  184 160 88  64 64 64  64 64 64  184 160 88  240 240 168  240 240 168  240 240 168  240 240 168  240 240 168  240 240 168  96 96 88  64 64 64
96 96 88  64 64 64  96 96 88  64 64 64  184 160 88  184 160 88  184 160 88  64 64 64  64 64 64  248 248 248  184 160 88  64 64 64  184 160 88  240 240 168  240 240 168  240 240 168  240 240 168  240 240 168  240 240 168  96 96 88  240 240 168  64 64 64
64 64 64  248 248 248  64 64 64  64 64 64  64 64 64  64 64 64  64 64 64  64 64 64  184 160 88  184 160 88  64 64 64  184 160 88  184 160 88  184 160 88  240 240 168  240 240 168  240 240 168  240 240 168  240 240 168  240 240 168  64 64 64  255 255 255
255 255 255  64 64 64  248 248 248  248 248 248  64 64 64  240 240 168  240 240 168  240 224 40  64 64 64  64 64 64  64 64 64  240 240 168  184 160 88  184 160 88  184 160 88  240 240 168  240 240 168  240 240 168  64 64 64  64 64 64  255 255 255  255 255 255
255 255 255  255 255 255  64 64 64  144 240 72  64 64 64  240 240 168  240 224 40  240 224 40  64 64 64  64 64 64  64 64 64  64 64 64  64 64 64  64 64 64  184 160 88  184 160 88  64 64 64  64 64 64  255 255 255  255 255 255  255 255 255  255 255 255
255 255 255  255 255 255  255 255 255  64 64 64  240 240 168  240 240 168  240 224 40  64 64 64  248 248 248  144 240 72  144 240 72  144 240 72  120 152 72  64 64 64  64 64 64  184 160 88  184 160 88  64 64 64  96 96 88  255 255 255  255 255 255  255 255 255
255 255 255  255 255 255  255 255 255  64 64 64  240 224 40  240 224 40  64 64 64  64 64 64  64 64 64  64 64 64  120 152 72  120 152 72  120 152 72  120 152 72  64 64 64  240 240 168  184 160 88  64 64 64  184 160 88  96 96 88  255 255 255  255 255 255
255 255 255  255 255 255  255 255 255  255 255 255  64 64 64  64 64 64  255 255 255  64 64 64  240 240 168  240 240 168  64 64 64  64 64 64  64 64 64  64 64 64  240 240 168  240 240 168  64 64 64  96 96 88  96 96 88  96 96 88  255 255 255  255 255 255
255 255 255  255 255 255  255 255 255  255 255 255  255 255 255  255 255 255  255 255 255  96 96 88  64 64 64  240 240 168  240 240 168  240 240 168  240 240 168  240 240 168  240 240 168  64 64 64  96 96 88  255 255 255  255 255 255  255 255 255  255 255 255  255 255 255
255 255 255  255 255 255  255 255 255  255 255 255  255 255 255  255 255 255  96 96 88  240 224 40  184 160 88  96 96 88  96 96 88  96 96 88  96 96 88  96 96 88  96 96 88  184 160 88  184 160 88  96 96 88  255 255 255  255 255 255  255 255 255  255 255 255
255 255 255  255 255 255  255 255 255  255 255 255  255 255 255  96 96 88  240 224 40  96 96 88  184 160 88  184 160 88  96 96 88  255 255 255  96 96 88  184 160 88  184 160 88  184 160 88  96 96 88  96 96 88  255 255 255  255 255 255  255 255 255  255 255 255
255 255 255  255 255 255  255 255 255  255 255 255  255 255 255  255 255 255  96 96 88  255 255 255  96 96 88  96 96 88  255 255 255  255 255 255  96 96 88  240 224 40  96 96 88  240 224 40  96 96 88  255 255 255  255 255 255  255 255 255  255 255 255  255 255 255
255 255 255  255 255 255  255 255 255  255 255 255  255 255 255  255 255 255  255 255 255  255 255 255  255 255 255  255 255 255  255 255 255  255 255 255  255 255 255  96 96 88  255 255 255  96 96 88  255 255 255  255 255 255  255 255 255  255 255 255  255 255 255  255 255 255
