21
25
255 255 255  255 255 255  255 255 255  255 255 255  255 255 255  255 255 255  255 255 255  255 255 255  255 255 255  255 255 255  255 255 255  255 255 255  255 255 255  255 255 255  96 96 88  96 96 88  255 255 255  255 255 255  255 255 255  96 96 88  96 96 88  96 96 88  96 96 88  255 255 255  255 255 255
255 255 255  255 255 255  255 255 255  255 255 255  255 255 255  255 255 255  255 255 255  255 255 255  255 255 255  255 255 255  255 255 255  255 255 255  255 255 255  96 96 88  248 248 248  248 248 248  96 96 88  255 255 255  96 96 88  248 248 248  248 248 248  248 248 248  248 248 248  96 96 88  255 255 255
255 255 255  255 255 255  255 255 255  255 255 255  255 255 255  255 255 255  255 255 255  255 255 255  255 255 255  255 255 255  255 255 255  255 255 255  96 96 88  248 248 248  248 248 248  248 248 248  248 248 248  96 96 88  248 248 248  248 248 248  248 248 248  248 248 248  248 248 248  248 248 248  96 96 88
255 255 255  255 255 255  255 255 255  255 255 255  255 255 255  255 255 255  255 255 255  255 255 255  255 255 255  255 255 255  255 255 255  255 255 255  96 96 88  248 248 248  160 168 240  160 168 240  248 248 248  248 248 248  248 248 248  160 168 240  160 168 240  248 248 248  248 248 248  160 168 240  96 96 88
255 255 255  255 255 255  255 255 255  255 255 255  255 255 255  255 255 255  255 255 255  255 255 255  255 255 255  255 255 255  255 255 255  255 255 255  96 96 88  160 168 240  96 96 88  96 96 88  160 168 240  248 248 248  160 168 240  96 96 88  96 96 88  160 168 240  160 168 240  96 96 88  255 255 255
255 255 255  255 255 255  255 255 255  255 255 255  255 255 255  255 255 255  255 255 255  255 255 255  255 255 255  255 255 255  255 255 255  255 255 255  255 255 255  96 96 88  96 96 88  200 200 168  96 96 88  248 248 248  160 168 240  96 96 88  200 200 168  96 96 88  96 96 88  255 255 255  255 255 255
255 255 255  255 255 255  255 255 255  255 255 255  255 255 255  255 255 255  255 255 255  255 255 255  255 255 255  255 255 255  255 255 255  255 255 255  255 255 255  255 255 255  255 255 255  96 96 88  248 248 248  248 248 248  160 168 240  160 168 240  96 96 88  255 255 255  255 255 255  255 255 255  255 255 255
255 255 255  255 255 255  255 255 255  255 255 255  255 255 255  255 255 255  96 96 88  64 64 64  255 255 255  255 255 255  255 255 255  255 255 255  64 64 64  64 64 64  64 64 64  248 248 248  248 248 248  248 248 248  160 168 240  160 168 240  96 96 88  255 255 255  255 255 255  255 255 255  255 255 255
255 255 255  255 255 255  255 255 255  255 255 255  255 255 255  255 255 255  64 64 64  248 248 248  64 64 64  64 64 64  64 64 64  64 64 64  160 168 240  160 168 240  248 248 248  248 248 248  248 248 248  248 248 248  160 168 240  160 168 240  160 168 240  96 96 88  255 255 255  255 255 255  255 255 255
255 255 255  255 255 255  255 255 255  255 255 255  255 255 255  64 64 64  64 64 64  248 248 248  64 64 64  160 168 240  160 168 240  160 168 240  64 64 64  64 64 64  248 248 248  248 248 248  248 248 248  248 248 248  160 168 240  160 168 240  160 168 240  96 96 88  255 255 255  255 255 255  255 255 255
255 255 255  255 255 255  255 255 255  255 255 255  64 64 64  160 168 240  96 96 88  248 248 248  160 168 240  64 64 64  120 120 120  160 168 240  160 168 240  160 168 240  64 64 64  248 248 248  248 248 248  248 248 248  160 168 240  160 168 240  160 168 240  64 64 64  255 255 255  255 255 255  255 255 255
255 255 255  255 255 255  255 255 255  255 255 255  64 64 64  248 248 248  120 120 120  248 248 248  160 168 240  160 168 240  160 168 240  160 168 240  160 168 240  160 168 240  64 64 64  248 248 248  248 248 248  160 168 240  160 168 240  160 168 240  160 168 240  64 64 64  255 255 255  255 255 255  255 255 255
255 255 255  255 255 255  255 255 255  64 64 64  248 248 248  248 248 248  248 248 248  248 248 248  160 168 240  64 64 64  64 64 64  160 168 240  160 168 240  160 168 240  160 168 240  64 64 64  160 168 240  160 168 240  160 168 240  160 168 240  160 168 240  64 64 64  255 255 255  255 255 255  255 255 255
255 255 255  255 255 255  255 255 255  64 64 64  96 96 88  248 248 248  248 248 248  248 248 248  160 168 240  248 248 248  64 64 64  160 168 240  160 168 240  160 168 240  160 168 240  64 64 64  160 168 240  160 168 240  160 168 240  160 168 240  64 64 64  255 255 255  255 255 255  255 255 255  255 255 255
255 255 255  255 255 255  255 255 255  64 64 64  248 248 248  96 96 88  248 248 248  248 248 248  64 64 64  64 64 64  64 64 64  64 64 64  160 168 240  160 168 240  160 168 240  64 64 64  248 248 248  96 96 88  160 168 240  160 168 240  64 64 64  255 255 255  255 255 255  255 255 255  255 255 255
255 255 255  255 255 255  64 64 64  64 64 64  64 64 64  64 64 64  160 168 240  64 64 64  248 248 248  248 248 248  240 240 40  240 240 40  64 64 64  160 168 240  64 64 64  248 248 248  248 248 248  248 248 248  64 64 64  64 64 64  255 255 255  255 255 255  255 255 255  255 255 255  255 255 255
255 255 255  64 64 64  248 248 248  64 64 64  240 240 40  64 64 64  64 64 64  248 248 248  248 248 248  240 240 40  64 64 64  64 64 64  240 240 40  64 64 64  248 248 248  248 248 248  248 248 248  96 96 88  248 248 248  64 64 64  255 255 255  255 255 255  255 255 255  255 255 255  255 255 255
96 96 88  248 248 248  96 96 88  248 248 248  96 96 88  248 248 248  96 96 88  96 96 88  96 96 88  96 96 88  248 248 248  96 96 88  240 240 40  96 96 88  248 248 248  120 120 120  96 96 88  248 248 248  96 96 88  248 248 248  96 96 88  255 255 255  255 255 255  255 255 255  255 255 255
96 96 88  96 96 88  248 248 248  160 168 240  160 168 240  96 96 88  240 96 80  96 96 88  240 96 80  240 96 80  96 96 88  96 96 88  96 96 88  160 168 240  160 168 240  248 248 248  248 248 248  96 96 88  160 168 240  96 96 88  96 96 88  255 255 255  255 255 255  255 255 255  255 255 255
255 255 255  96 96 88  96 96 88  96 96 88  96 96 88  255 255 255  96 96 88  240 96 80  240 96 80  240 96 80  96 96 88  255 255 255  255 255 255  96 96 88  96 96 88  160 168 240  160 168 240  248 248 248  96 96 88  96 96 88  255 255 255  255 255 255  255 255 255  255 255 255  255 255 255
255 255 255  255 255 255  255 255 255  255 255 255  255 255 255  255 255 255  255 255 255  96 96 88  96 96 88  96 96 88  255 255 255  255 255 255  255 255 255  255 255 255  255 255 255  96 96 88  96 96 88  96 96 88  96 96 88  255 255 255  255 255 255  255 255 255  255 255 255  255 255 255  255 255 255
