22
23
255 255 255  255 255 255  255 255 255  255 255 255  255 255 255  255 255 255  255 255 255  255 255 255  255 255 255  255 255 255  255 255 255  255 255 255  255 255 255  255 255 255  96 96 88  96 96 88  96 96 88  96 96 88  255 255 255  255 255 255  255 255 255  255 255 255  255 255 255
255 255 255  255 255 255  255 255 255  255 255 255  255 255 255  255 255 255  255 255 255  255 255 255  255 255 255  255 255 255  255 255 255  255 255 255  96 96 88  96 96 88  96 96 88  248 248 248  248 248 248  248 248 248  96 96 88  255 255 255  255 255 255  255 255 255  255 255 255
255 255 255  255 255 255  255 255 255  255 255 255  255 255 255  255 255 255  255 255 255  255 255 255  255 255 255  255 255 255  255 255 255  255 255 255  96 96 88  248 248 248  248 248 248  96 96 88  96 96 88  248 248 248  160 168 240  96 96 88  255 255 255  255 255 255  255 255 255
255 255 255  255 255 255  96 96 88  64 64 64  255 255 255  255 255 255  255 255 255  255 255 255  255 255 255  255 255 255  255 255 255  96 96 88  248 248 248  248 248 248  248 248 248  248 248 248  248 248 248  96 96 88  160 168 240  96 96 88  255 255 255  255 255 255  255 255 255
255 255 255  255 255 255  64 64 64  248 248 248  64 64 64  64 64 64  64 64 64  64 64 64  255 255 255  255 255 255  255 255 255  96 96 88  96 96 88  96 96 88  248 248 248  248 248 248  160 168 240  160 168 240  96 96 88  160 168 240  96 96 88  255 255 255  255 255 255
255 255 255  255 255 255  64 64 64  248 248 248  64 64 64  160 168 240  160 168 240  160 168 240  64 64 64  64 64 64  255 255 255  255 255 255  96 96 88  160 168 240  96 96 88  96 96 88  96 96 88  160 168 240  160 168 240  160 168 240  96 96 88  255 255 255  255 255 255
255 255 255  64 64 64  96 96 88  248 248 248  160 168 240  96 96 88  160 168 240  160 168 240  160 168 240  160 168 240  64 64 64  255 255 255  96 96 88  248 248 248  248 248 248  160 168 240  160 168 240  96 96 88  96 96 88  248 248 248  160 168 240  96 96 88  255 255 255
255 255 255  64 64 64  160 168 240  248 248 248  248 248 248  160 168 240  160 168 240  160 168 240  160 168 240  160 168 240  160 168 240  64 64 64  200 200 168  96 96 88  96 96 88  96 96 88  96 96 88  160 168 240  96 96 88  248 248 248  160 168 240  64 64 64  255 255 255
64 64 64  248 248 248  248 248 248  248 248 248  248 248 248  96 96 88  64 64 64  160 168 240  160 168 240  160 168 240  160 168 240  64 64 64  200 200 168  200 200 168  200 200 168  200 200 168  200 200 168  64 64 64  160 168 240  248 248 248  160 168 240  64 64 64  255 255 255
64 64 64  64 64 64  248 248 248  248 248 248  248 248 248  64 64 64  248 248 248  64 64 64  160 168 240  160 168 240  160 168 240  64 64 64  200 200 168  200 200 168  200 200 168  200 200 168  64 64 64  160 168 240  160 168 240  248 248 248  248 248 248  160 168 240  64 64 64
64 64 64  64 64 64  248 248 248  248 248 248  160 168 240  64 64 64  64 64 64  96 96 88  160 168 240  160 168 240  160 168 240  64 64 64  200 200 168  200 200 168  64 64 64  64 64 64  160 168 240  248 248 248  248 248 248  248 248 248  248 248 248  160 168 240  64 64 64
64 64 64  248 248 248  120 120 120  96 96 88  160 168 240  160 168 240  160 168 240  160 168 240  160 168 240  96 96 88  160 168 240  64 64 64  64 64 64  64 64 64  248 248 248  248 248 248  248 248 248  248 248 248  248 248 248  248 248 248  248 248 248  160 168 240  64 64 64
64 64 64  160 168 240  248 248 248  248 248 248  248 248 248  248 248 248  248 248 248  160 168 240  160 168 240  64 64 64  160 168 240  64 64 64  248 248 248  248 248 248  248 248 248  248 248 248  160 168 240  64 64 64  64 64 64  64 64 64  96 96 88  160 168 240  64 64 64
255 255 255  64 64 64  96 96 88  248 248 248  248 248 248  248 248 248  96 96 88  64 64 64  64 64 64  160 168 240  64 64 64  160 168 240  248 248 248  248 248 248  120 120 120  96 96 88  120 120 120  248 248 248  248 248 248  248 248 248  64 64 64  160 168 240  64 64 64
255 255 255  64 64 64  248 248 248  64 64 64  64 64 64  64 64 64  64 64 64  248 248 248  64 64 64  64 64 64  160 168 240  248 248 248  248 248 248  248 248 248  248 248 248  248 248 248  248 248 248  248 248 248  248 248 248  248 248 248  64 64 64  160 168 240  64 64 64
96 96 88  64 64 64  64 64 64  64 64 64  160 168 240  160 168 240  64 64 64  64 64 64  160 168 240  160 168 240  248 248 248  248 248 248  248 248 248  248 248 248  248 248 248  248 248 248  248 248 248  248 248 248  64 64 64  64 64 64  160 168 240  160 168 240  64 64 64
64 64 64  248 248 248  160 168 240  160 168 240  64 64 64  160 168 240  160 168 240  160 168 240  160 168 240  248 248 248  248 248 248  248 248 248  96 96 88  160 168 240  248 248 248  248 248 248  64 64 64  160 168 240  248 248 248  64 64 64  160 168 240  64 64 64  255 255 255
255 255 255  64 64 64  248 248 248  64 64 64  64 64 64  64 64 64  160 168 240  160 168 240  160 168 240  160 168 240  160 168 240  160 168 240  160 168 240  64 64 64  64 64 64  248 248 248  248 248 248  64 64 64  64 64 64  96 96 88  160 168 240  96 96 88  255 255 255
255 255 255  96 96 88  96 96 88  248 248 248  160 168 240  96 96 88  160 168 240  160 168 240  160 168 240  160 168 240  160 168 240  160 168 240  160 168 240  160 168 240  160 168 240  96 96 88  96 96 88  96 96 88  160 168 240  160 168 240  96 96 88  255 255 255  255 255 255
255 255 255  255 255 255  96 96 88  96 96 88  96 96 88  255 255 255  96 96 88  160 168 240  160 168 240  160 168 240  160 168 240  160 168 240  160 168 240  160 168 240  160 168 240  160 168 240  160 168 240  160 168 240  96 96 88  96 96 88  255 255 255  255 255 255  255 255 255
255 255 255  255 255 255  255 255 255  255 255 255  255 255 255  255 255 255  255 255 255  96 96 88  96 96 88  160 168 240  160 168 240  160 168 240  160 168 240  160 168 240  160 168 240  160 168 240  96 96 88  96 96 88  255 255 255  255 255 255  255 255 255  255 255 255  255 255 255
255 255 255  255 255 255  255 255 255  255 255 255  255 255 255  255 255 255  255 255 255  255 255 255  255 255 255  96 96 88  96 96 88  96 96 88  96 96 88  96 96 88  96 96 88  96 96 88  255 255 255  255 255 255  255 255 255  255 255 255  255 255 255  255 255 255  255 255 255
