22
26
255 255 255  255 255 255  255 255 255  255 255 255  255 255 255  255 255 255  255 255 255  255 255 255  255 255 255  255 255 255  255 255 255  255 255 255  255 255 255  255 255 255  96 96 88  96 96 88  255 255 255  255 255 255  96 96 88  255 255 255  255 255 255  255 255 255  255 255 255  255 255 255  255 255 255  255 255 255
255 255 255  255 255 255  255 255 255  255 255 255  255 255 255  255 255 255  255 255 255  255 255 255  255 255 255  255 255 255  255 255 255  255 255 255  255 255 255  255 255 255  96 96 88  192 160 200  96 96 88  96 96 88  192 160 200  96 96 88  255 255 255  255 255 255  255 255 255  255 255 255  255 255 255  255 255 255
255 255 255  255 255 255  255 255 255  255 255 255  255 255 255  255 255 255  255 255 255  255 255 255  255 255 255  255 255 255  255 255 255  64 64 64  64 64 64  64 64 64  192 160 200  96 96 88  120 120 120  96 96 88  192 160 200  112 112 200  96 96 88  255 255 255  255 255 255  255 255 255  255 255 255  255 255 255
64 64 64  64 64 64  64 64 64  255 255 255  255 255 255  255 255 255  255 255 255  255 255 255  255 255 255  64 64 64  64 64 64  192 160 200  192 160 200  192 160 200  64 64 64  64 64 64  64 64 64  192 160 200  112 112 200  112 112 200  64 64 64  64 64 64  64 64 64  64 64 64  96 96 88  255 255 255
64 64 64  192 160 200  192 160 200  64 64 64  64 64 64  64 64 64  255 255 255  255 255 255  64 64 64  112 112 200  192 160 200  64 64 64  64 64 64  64 64 64  96 96 88  112 112 200  64 64 64  64 64 64  64 64 64  64 64 64  192 160 200  192 160 200  192 160 200  192 160 200  64 64 64  255 255 255
255 255 255  64 64 64  192 160 200  192 160 200  144 120 200  64 64 64  64 64 64  64 64 64  64 64 64  192 160 200  192 160 200  64 64 64  112 112 200  112 112 200  112 112 200  64 64 64  192 160 200  144 120 200  64 64 64  192 160 200  192 160 200  192 160 200  144 120 200  64 64 64  255 255 255  255 255 255
255 255 255  255 255 255  64 64 64  144 120 200  64 64 64  112 112 200  112 112 200  112 112 200  112 112 200  64 64 64  64 64 64  112 112 200  96 96 88  96 96 88  64 64 64  192 160 200  144 120 200  64 64 64  64 64 64  144 120 200  144 120 200  144 120 200  96 96 88  96 96 88  255 255 255  255 255 255
255 255 255  255 255 255  255 255 255  64 64 64  64 64 64  112 112 200  112 112 200  112 112 200  192 160 200  64 64 64  112 112 200  96 96 88  64 64 64  64 64 64  192 160 200  144 120 200  144 120 200  144 120 200  144 120 200  64 64 64  64 64 64  64 64 64  112 112 200  96 96 88  255 255 255  255 255 255
255 255 255  255 255 255  255 255 255  255 255 255  255 255 255  64 64 64  112 112 200  192 160 200  64 64 64  112 112 200  64 64 64  64 64 64  192 160 200  192 160 200  144 120 200  144 120 200  144 120 200  144 120 200  64 64 64  112 112 200  112 112 200  64 64 64  112 112 200  96 96 88  255 255 255  255 255 255
255 255 255  255 255 255  255 255 255  255 255 255  255 255 255  64 64 64  192 160 200  64 64 64  112 112 200  64 64 64  184 184 176  184 184 176  64 64 64  192 160 200  144 120 200  144 120 200  144 120 200  144 120 200  144 120 200  144 120 200  112 112 200  112 112 200  64 64 64  64 64 64  64 64 64  255 255 255
255 255 255  255 255 255  255 255 255  255 255 255  64 64 64  112 112 200  192 160 200  64 64 64  64 64 64  64 64 64  64 64 64  64 64 64  184 184 176  64 64 64  192 160 200  192 160 200  144 120 200  144 120 200  192 160 200  192 160 200  144 120 200  112 112 200  112 112 200  192 160 200  192 160 200  64 64 64
255 255 255  64 64 64  64 64 64  64 64 64  64 64 64  112 112 200  192 160 200  64 64 64  184 184 176  120 120 120  120 120 120  64 64 64  96 96 88  96 96 88  64 64 64  64 64 64  192 160 200  144 120 200  144 120 200  192 160 200  112 112 200  112 112 200  112 112 200  64 64 64  64 64 64  64 64 64
255 255 255  64 64 64  192 160 200  144 120 200  64 64 64  112 112 200  64 64 64  184 184 176  120 120 120  120 120 120  64 64 64  120 120 120  120 120 120  120 120 120  120 120 120  120 120 120  64 64 64  192 160 200  144 120 200  144 120 200  112 112 200  64 64 64  64 64 64  112 112 200  96 96 88  255 255 255
255 255 255  255 255 255  64 64 64  64 64 64  144 120 200  64 64 64  184 184 176  184 184 176  120 120 120  64 64 64  120 120 120  120 120 120  120 120 120  120 120 120  248 248 248  184 184 176  64 64 64  192 160 200  144 120 200  144 120 200  144 120 200  112 112 200  64 64 64  112 112 200  96 96 88  255 255 255
255 255 255  255 255 255  255 255 255  255 255 255  64 64 64  184 184 176  184 184 176  64 64 64  64 64 64  64 64 64  184 184 176  120 120 120  120 120 120  64 64 64  248 248 248  184 184 176  64 64 64  192 160 200  144 120 200  144 120 200  144 120 200  112 112 200  64 64 64  112 112 200  112 112 200  96 96 88
255 255 255  255 255 255  255 255 255  64 64 64  184 184 176  64 64 64  64 64 64  64 64 64  120 120 120  64 64 64  120 120 120  120 120 120  120 120 120  248 248 248  248 248 248  64 64 64  192 160 200  144 120 200  144 120 200  144 120 200  144 120 200  64 64 64  64 64 64  96 96 88  96 96 88  96 96 88
255 255 255  255 255 255  255 255 255  64 64 64  64 64 64  255 255 255  64 64 64  192 160 200  64 64 64  120 120 120  64 64 64  120 120 120  120 120 120  120 120 120  120 120 120  64 64 64  192 160 200  144 120 200  144 120 200  144 120 200  144 120 200  192 160 200  64 64 64  255 255 255  255 255 255  255 255 255
255 255 255  255 255 255  255 255 255  255 255 255  255 255 255  255 255 255  64 64 64  144 120 200  192 160 200  64 64 64  64 64 64  64 64 64  64 64 64  64 64 64  64 64 64  64 64 64  192 160 200  144 120 200  112 112 200  96 96 88  144 120 200  192 160 200  64 64 64  255 255 255  255 255 255  255 255 255
255 255 255  255 255 255  255 255 255  255 255 255  255 255 255  255 255 255  255 255 255  64 64 64  64 64 64  192 160 200  192 160 200  96 96 88  64 64 64  64 64 64  120 120 120  64 64 64  192 160 200  112 112 200  112 112 200  112 112 200  96 96 88  144 120 200  192 160 200  96 96 88  255 255 255  255 255 255
255 255 255  255 255 255  255 255 255  255 255 255  255 255 255  255 255 255  255 255 255  96 96 88  192 160 200  64 64 64  144 120 200  192 160 200  192 160 200  192 160 200  64 64 64  96 96 88  112 112 200  96 96 88  96 96 88  96 96 88  96 96 88  96 96 88  192 160 200  96 96 88  255 255 255  255 255 255
255 255 255  255 255 255  255 255 255  255 255 255  255 255 255  255 255 255  96 96 88  192 160 200  144 120 200  144 120 200  96 96 88  96 96 88  96 96 88  96 96 88  96 96 88  255 255 255  96 96 88  96 96 88  255 255 255  255 255 255  255 255 255  255 255 255  96 96 88  96 96 88  255 255 255  255 255 255
255 255 255  255 255 255  255 255 255  255 255 255  255 255 255  255 255 255  96 96 88  96 96 88  96 96 88  96 96 88  255 255 255  255 255 255  255 255 255  255 255 255  255 255 255  255 255 255  255 255 255  255 255 255  255 255 255  255 255 255  255 255 255  255 255 255  255 255 255  255 255 255  255 255 255  255 255 255
