20
29
255 255 255  255 255 255  255 255 255  255 255 255  255 255 255  255 255 255  255 255 255  255 255 255  255 255 255  255 255 255  255 255 255  192 160 200  192 160 200  192 160 200  255 255 255  255 255 255  192 160 200  192 160 200  192 160 200  192 160 200  192 160 200  192 160 200  255 255 255  192 160 200  192 160 200  192 160 200  255 255 255  255 255 255  255 255 255
255 255 255  255 255 255  255 255 255  255 255 255  255 255 255  255 255 255  255 255 255  192 160 200  192 160 200  192 160 200  192 160 200  192 160 200  192 160 200  192 160 200  192 160 200  192 160 200  192 160 200  192 160 200  255 255 255  255 255 255  192 160 200  192 160 200  192 160 200  192 160 200  192 160 200  192 160 200  192 160 200  255 255 255  255 255 255
255 255 255  255 255 255  255 255 255  255 255 255  255 255 255  255 255 255  192 160 200  192 160 200  192 160 200  120 120 120  120 120 120  120 120 120  120 120 120  192 160 200  192 160 200  192 160 200  192 160 200  255 255 255  255 255 255  255 255 255  192 160 200  192 160 200  192 160 200  255 255 255  192 160 200  192 160 200  192 160 200  255 255 255  255 255 255
255 255 255  255 255 255  255 255 255  255 255 255  192 160 200  192 160 200  192 160 200  64 64 64  64 64 64  64 64 64  64 64 64  64 64 64  120 120 120  120 120 120  120 120 120  192 160 200  120 120 120  192 160 200  255 255 255  255 255 255  255 255 255  192 160 200  255 255 255  255 255 255  192 160 200  192 160 200  255 255 255  255 255 255  255 255 255
255 255 255  255 255 255  255 255 255  192 160 200  192 160 200  64 64 64  64 64 64  192 160 200  192 160 200  120 120 120  120 120 120  120 120 120  64 64 64  64 64 64  120 120 120  120 120 120  192 160 200  120 120 120  192 160 200  192 160 200  192 160 200  192 160 200  255 255 255  192 160 200  192 160 200  192 160 200  255 255 255  255 255 255  255 255 255
255 255 255  255 255 255  192 160 200  192 160 200  64 64 64  192 160 200  192 160 200  192 160 200  192 160 200  192 160 200  120 120 120  120 120 120  120 120 120  120 120 120  64 64 64  120 120 120  120 120 120  192 160 200  120 120 120  192 160 200  192 160 200  192 160 200  192 160 200  192 160 200  192 160 200  192 160 200  255 255 255  255 255 255  255 255 255
255 255 255  255 255 255  192 160 200  64 64 64  192 160 200  192 160 200  192 160 200  192 160 200  192 160 200  192 160 200  120 120 120  120 120 120  120 120 120  120 120 120  120 120 120  64 64 64  120 120 120  120 120 120  192 160 200  192 160 200  192 160 200  192 160 200  192 160 200  255 255 255  255 255 255  255 255 255  255 255 255  255 255 255  255 255 255
255 255 255  192 160 200  192 160 200  64 64 64  192 160 200  192 160 200  192 160 200  192 160 200  192 160 200  120 120 120  64 64 64  64 64 64  120 120 120  120 120 120  120 120 120  64 64 64  120 120 120  192 160 200  192 160 200  255 255 255  192 160 200  192 160 200  255 255 255  255 255 255  255 255 255  255 255 255  192 160 200  192 160 200  255 255 255
255 255 255  192 160 200  64 64 64  120 120 120  192 160 200  192 160 200  192 160 200  192 160 200  192 160 200  120 120 120  184 184 176  184 184 176  64 64 64  120 120 120  120 120 120  120 120 120  64 64 64  120 120 120  192 160 200  255 255 255  255 255 255  192 160 200  255 255 255  255 255 255  255 255 255  255 255 255  192 160 200  192 160 200  192 160 200
192 160 200  192 160 200  64 64 64  120 120 120  120 120 120  192 160 200  192 160 200  192 160 200  120 120 120  248 248 248  248 248 248  248 248 248  64 64 64  120 120 120  120 120 120  120 120 120  64 64 64  120 120 120  192 160 200  192 160 200  192 160 200  192 160 200  255 255 255  255 255 255  255 255 255  255 255 255  255 255 255  192 160 200  192 160 200
192 160 200  192 160 200  64 64 64  64 64 64  120 120 120  120 120 120  120 120 120  192 160 200  120 120 120  64 64 64  248 248 248  248 248 248  64 64 64  120 120 120  184 40 152  120 120 120  64 64 64  120 120 120  192 160 200  192 160 200  255 255 255  255 255 255  255 255 255  255 255 255  255 255 255  255 255 255  255 255 255  255 255 255  255 255 255
192 160 200  192 160 200  64 64 64  184 184 176  120 120 120  192 160 200  120 120 120  120 120 120  248 248 248  248 248 248  248 248 248  120 120 120  120 120 120  184 40 152  184 40 152  120 120 120  64 64 64  120 120 120  192 160 200  255 255 255  255 255 255  255 255 255  255 255 255  255 255 255  255 255 255  255 255 255  255 255 255  255 255 255  255 255 255
255 255 255  192 160 200  64 64 64  248 248 248  64 64 64  120 120 120  120 120 120  120 120 120  120 120 120  120 120 120  120 120 120  120 120 120  248 248 248  184 40 152  120 120 120  120 120 120  64 64 64  120 120 120  192 160 200  255 255 255  255 255 255  255 255 255  192 160 200  192 160 200  192 160 200  255 255 255  255 255 255  255 255 255  255 255 255
255 255 255  192 160 200  192 160 200  64 64 64  248 248 248  96 96 88  120 120 120  120 120 120  120 120 120  120 120 120  184 40 152  248 248 248  248 248 248  184 40 152  120 120 120  64 64 64  120 120 120  192 160 200  192 160 200  255 255 255  255 255 255  255 255 255  192 160 200  192 160 200  192 160 200  255 255 255  255 255 255  255 255 255  255 255 255
255 255 255  255 255 255  192 160 200  96 96 88  120 120 120  120 120 120  120 120 120  120 120 120  184 40 152  240 96 80  240 96 80  240 96 80  184 40 152  120 120 120  120 120 120  96 96 88  192 160 200  192 160 200  255 255 255  255 255 255  255 255 255  255 255 255  192 160 200  192 160 200  192 160 200  255 255 255  255 255 255  255 255 255  255 255 255
255 255 255  255 255 255  192 160 200  192 160 200  96 96 88  120 120 120  248 248 248  184 40 152  240 96 80  240 96 80  240 96 80  184 40 152  120 120 120  120 120 120  96 96 88  192 160 200  192 160 200  255 255 255  255 255 255  255 255 255  255 255 255  255 255 255  255 255 255  255 255 255  255 255 255  255 255 255  255 255 255  255 255 255  255 255 255
255 255 255  255 255 255  255 255 255  192 160 200  192 160 200  96 96 88  96 96 88  120 120 120  120 120 120  120 120 120  120 120 120  120 120 120  96 96 88  96 96 88  192 160 200  192 160 200  192 160 200  255 255 255  255 255 255  255 255 255  255 255 255  255 255 255  255 255 255  255 255 255  255 255 255  255 255 255  255 255 255  255 255 255  255 255 255
255 255 255  255 255 255  255 255 255  255 255 255  255 255 255  192 160 200  192 160 200  96 96 88  96 96 88  96 96 88  96 96 88  96 96 88  192 160 200  192 160 200  192 160 200  192 160 200  255 255 255  255 255 255  255 255 255  255 255 255  255 255 255  255 255 255  255 255 255  255 255 255  255 255 255  255 255 255  255 255 255  255 255 255  255 255 255
255 255 255  255 255 255  255 255 255  255 255 255  255 255 255  255 255 255  192 160 200  192 160 200  192 160 200  192 160 200  192 160 200  192 160 200  192 160 200  192 160 200  255 255 255  255 255 255  255 255 255  255 255 255  255 255 255  255 255 255  255 255 255  255 255 255  255 255 255  255 255 255  255 255 255  255 255 255  255 255 255  255 255 255  255 255 255
255 255 255  255 255 255  255 255 255  255 255 255  255 255 255  255 255 255  255 255 255  255 255 255  255 255 255  255 255 255  192 160 200  192 160 200  255 255 255  255 255 255  255 255 255  255 255 255  255 255 255  255 255 255  255 255 255  255 255 255  255 255 255  255 255 255  255 255 255  255 255 255  255 255 255  255 255 255  255 255 255  255 255 255  255 255 255
