20
28
255 255 255  255 255 255  255 255 255  255 255 255  255 255 255  255 255 255  255 255 255  255 255 255  64 64 64  64 64 64  64 64 64  64 64 64  64 64 64  255 255 255  255 255 255  255 255 255  255 255 255  255 255 255  255 255 255  255 255 255  255 255 255  255 255 255  255 255 255  255 255 255  255 255 255  255 255 255  255 255 255  255 255 255
64 64 64  64 64 64  64 64 64  255 255 255  255 255 255  255 255 255  64 64 64  64 64 64  192 160 200  192 160 200  120 120 120  120 120 120  120 120 120  64 64 64  64 64 64  64 64 64  255 255 255  255 255 255  255 255 255  64 64 64  64 64 64  64 64 64  255 255 255  255 255 255  255 255 255  255 255 255  255 255 255  255 255 255
64 64 64  192 160 200  192 160 200  64 64 64  64 64 64  64 64 64  192 160 200  192 160 200  192 160 200  192 160 200  192 160 200  120 120 120  120 120 120  120 120 120  120 120 120  120 120 120  64 64 64  64 64 64  64 64 64  192 160 200  192 160 200  64 64 64  255 255 255  255 255 255  255 255 255  255 255 255  255 255 255  255 255 255
64 64 64  120 120 120  120 120 120  192 160 200  96 96 88  192 160 200  192 160 200  192 160 200  192 160 200  192 160 200  192 160 200  120 120 120  120 120 120  120 120 120  64 64 64  64 64 64  64 64 64  192 160 200  192 160 200  192 160 200  120 120 120  64 64 64  255 255 255  255 255 255  255 255 255  255 255 255  255 255 255  255 255 255
255 255 255  64 64 64  120 120 120  96 96 88  120 120 120  192 160 200  192 160 200  192 160 200  192 160 200  192 160 200  120 120 120  120 120 120  96 96 88  96 96 88  192 160 200  192 160 200  192 160 200  192 160 200  120 120 120  120 120 120  64 64 64  255 255 255  255 255 255  255 255 255  255 255 255  255 255 255  255 255 255  255 255 255
255 255 255  64 64 64  120 120 120  120 120 120  120 120 120  120 120 120  192 160 200  192 160 200  192 160 200  120 120 120  120 120 120  120 120 120  192 160 200  192 160 200  192 160 200  192 160 200  120 120 120  120 120 120  120 120 120  64 64 64  64 64 64  255 255 255  255 255 255  255 255 255  255 255 255  255 255 255  255 255 255  255 255 255
255 255 255  255 255 255  64 64 64  120 120 120  120 120 120  120 120 120  120 120 120  120 120 120  120 120 120  120 120 120  120 120 120  120 120 120  120 120 120  120 120 120  120 120 120  120 120 120  120 120 120  120 120 120  64 64 64  120 120 120  120 120 120  64 64 64  96 96 88  255 255 255  255 255 255  96 96 88  96 96 88  96 96 88
64 64 64  64 64 64  64 64 64  120 120 120  120 120 120  120 120 120  120 120 120  120 120 120  120 120 120  120 120 120  120 120 120  120 120 120  64 64 64  120 120 120  120 120 120  120 120 120  120 120 120  96 96 88  64 64 64  64 64 64  64 64 64  120 120 120  120 120 120  96 96 88  96 96 88  192 160 200  192 160 200  96 96 88
64 64 64  120 120 120  64 64 64  120 120 120  120 120 120  120 120 120  120 120 120  120 120 120  120 120 120  192 160 200  96 96 88  64 64 64  184 184 176  120 120 120  120 120 120  120 120 120  192 160 200  192 160 200  192 160 200  192 160 200  192 160 200  64 64 64  120 120 120  192 160 200  192 160 200  192 160 200  120 120 120  96 96 88
255 255 255  64 64 64  64 64 64  120 120 120  120 120 120  120 120 120  120 120 120  120 120 120  192 160 200  96 96 88  64 64 64  184 184 176  248 248 248  120 120 120  120 120 120  120 120 120  120 120 120  120 120 120  120 120 120  64 64 64  64 64 64  120 120 120  120 120 120  192 160 200  192 160 200  120 120 120  96 96 88  255 255 255
255 255 255  255 255 255  64 64 64  96 96 88  120 120 120  120 120 120  120 120 120  120 120 120  96 96 88  184 184 176  64 64 64  248 248 248  248 248 248  120 120 120  120 120 120  120 120 120  96 96 88  96 96 88  64 64 64  120 120 120  120 120 120  120 120 120  120 120 120  120 120 120  120 120 120  120 120 120  96 96 88  255 255 255
255 255 255  64 64 64  64 64 64  96 96 88  120 120 120  120 120 120  120 120 120  120 120 120  96 96 88  248 248 248  248 248 248  248 248 248  120 120 120  120 120 120  120 120 120  120 120 120  120 120 120  120 120 120  64 64 64  120 120 120  120 120 120  120 120 120  120 120 120  120 120 120  120 120 120  96 96 88  255 255 255  255 255 255
255 255 255  96 96 88  96 96 88  64 64 64  120 120 120  120 120 120  120 120 120  120 120 120  120 120 120  120 120 120  120 120 120  120 120 120  120 120 120  64 64 64  64 64 64  120 120 120  120 120 120  192 160 200  192 160 200  64 64 64  120 120 120  120 120 120  120 120 120  120 120 120  64 64 64  255 255 255  255 255 255  255 255 255
255 255 255  255 255 255  255 255 255  255 255 255  64 64 64  64 64 64  120 120 120  120 120 120  120 120 120  120 120 120  64 64 64  64 64 64  64 64 64  184 40 152  64 64 64  64 64 64  64 64 64  64 64 64  64 64 64  64 64 64  120 120 120  120 120 120  64 64 64  64 64 64  255 255 255  255 255 255  255 255 255  255 255 255
255 255 255  255 255 255  255 255 255  64 64 64  64 64 64  64 64 64  64 64 64  64 64 64  64 64 64  64 64 64  64 64 64  184 40 152  184 40 152  64 64 64  64 64 64  64 64 64  64 64 64  120 120 120  120 120 120  120 120 120  64 64 64  64 64 64  255 255 255  255 255 255  255 255 255  255 255 255  255 255 255  255 255 255
255 255 255  255 255 255  64 64 64  192 160 200  96 96 88  120 120 120  64 64 64  184 40 152  240 96 80  240 96 80  240 96 80  184 40 152  64 64 64  120 120 120  120 120 120  120 120 120  120 120 120  64 64 64  64 64 64  64 64 64  255 255 255  255 255 255  255 255 255  255 255 255  255 255 255  255 255 255  255 255 255  255 255 255
255 255 255  255 255 255  96 96 88  120 120 120  96 96 88  192 160 200  192 160 200  64 64 64  64 64 64  64 64 64  64 64 64  64 64 64  120 120 120  120 120 120  120 120 120  120 120 120  120 120 120  120 120 120  64 64 64  255 255 255  255 255 255  255 255 255  255 255 255  255 255 255  255 255 255  255 255 255  255 255 255  255 255 255
255 255 255  255 255 255  96 96 88  96 96 88  96 96 88  120 120 120  96 96 88  255 255 255  255 255 255  255 255 255  255 255 255  96 96 88  192 160 200  96 96 88  192 160 200  120 120 120  120 120 120  192 160 200  96 96 88  255 255 255  255 255 255  255 255 255  255 255 255  255 255 255  255 255 255  255 255 255  255 255 255  255 255 255
255 255 255  255 255 255  255 255 255  255 255 255  96 96 88  96 96 88  255 255 255  255 255 255  255 255 255  255 255 255  255 255 255  96 96 88  120 120 120  96 96 88  120 120 120  96 96 88  96 96 88  120 120 120  96 96 88  255 255 255  255 255 255  255 255 255  255 255 255  255 255 255  255 255 255  255 255 255  255 255 255  255 255 255
255 255 255  255 255 255  255 255 255  255 255 255  255 255 255  255 255 255  255 255 255  255 255 255  255 255 255  255 255 255  255 255 255  255 255 255  96 96 88  255 255 255  96 96 88  96 96 88  255 255 255  96 96 88  255 255 255  255 255 255  255 255 255  255 255 255  255 255 255  255 255 255  255 255 255  255 255 255  255 255 255  255 255 255
