23
30
255 255 255  255 255 255  255 255 255  64 64 64  64 64 64  255 255 255  255 255 255  255 255 255  255 255 255  255 255 255  255 255 255  255 255 255  255 255 255  255 255 255  255 255 255  255 255 255  255 255 255  255 255 255  255 255 255  255 255 255  255 255 255  255 255 255  255 255 255  255 255 255  255 255 255  255 255 255  255 255 255  255 255 255  255 255 255  255 255 255
255 255 255  255 255 255  255 255 255  64 64 64  184 184 176  64 64 64  255 255 255  255 255 255  255 255 255  255 255 255  255 255 255  255 255 255  255 255 255  255 255 255  255 255 255  96 96 88  96 96 88  255 255 255  255 255 255  255 255 255  255 255 255  255 255 255  255 255 255  255 255 255  255 255 255  255 255 255  255 255 255  255 255 255  255 255 255  255 255 255
255 255 255  255 255 255  255 255 255  64 64 64  184 184 176  64 64 64  255 255 255  255 255 255  255 255 255  255 255 255  255 255 255  255 255 255  255 255 255  255 255 255  255 255 255  96 96 88  120 120 120  96 96 88  255 255 255  255 255 255  255 255 255  255 255 255  255 255 255  255 255 255  255 255 255  255 255 255  255 255 255  255 255 255  255 255 255  255 255 255
255 255 255  255 255 255  255 255 255  64 64 64  184 184 176  120 120 120  64 64 64  255 255 255  255 255 255  255 255 255  255 255 255  255 255 255  255 255 255  255 255 255  255 255 255  96 96 88  120 120 120  96 96 88  96 96 88  255 255 255  255 255 255  255 255 255  255 255 255  255 255 255  255 255 255  255 255 255  255 255 255  255 255 255  255 255 255  255 255 255
255 255 255  255 255 255  255 255 255  64 64 64  184 184 176  120 120 120  64 64 64  255 255 255  255 255 255  255 255 255  255 255 255  255 255 255  255 255 255  255 255 255  255 255 255  255 255 255  96 96 88  120 120 120  120 120 120  96 96 88  96 96 88  96 96 88  255 255 255  255 255 255  255 255 255  255 255 255  255 255 255  255 255 255  255 255 255  255 255 255
255 255 255  255 255 255  255 255 255  64 64 64  184 184 176  120 120 120  64 64 64  64 64 64  64 64 64  64 64 64  64 64 64  255 255 255  255 255 255  255 255 255  255 255 255  255 255 255  96 96 88  120 120 120  120 120 120  96 96 88  120 120 120  184 184 176  96 96 88  96 96 88  255 255 255  255 255 255  255 255 255  255 255 255  255 255 255  255 255 255
255 255 255  255 255 255  255 255 255  64 64 64  184 184 176  120 120 120  120 120 120  64 64 64  120 120 120  120 120 120  120 120 120  64 64 64  64 64 64  255 255 255  255 255 255  255 255 255  255 255 255  96 96 88  96 96 88  96 96 88  96 96 88  184 184 176  184 184 176  96 96 88  96 96 88  96 96 88  96 96 88  255 255 255  255 255 255  255 255 255
255 255 255  255 255 255  64 64 64  64 64 64  184 184 176  184 184 176  120 120 120  64 64 64  64 64 64  120 120 120  120 120 120  120 120 120  120 120 120  64 64 64  255 255 255  255 255 255  255 255 255  255 255 255  96 96 88  120 120 120  96 96 88  120 120 120  96 96 88  96 96 88  184 184 176  184 184 176  96 96 88  96 96 88  255 255 255  255 255 255
255 255 255  64 64 64  120 120 120  64 64 64  184 184 176  184 184 176  120 120 120  120 120 120  120 120 120  120 120 120  64 64 64  120 120 120  120 120 120  64 64 64  255 255 255  255 255 255  255 255 255  255 255 255  96 96 88  96 96 88  96 96 88  96 96 88  120 120 120  120 120 120  96 96 88  184 184 176  184 184 176  96 96 88  255 255 255  255 255 255
255 255 255  64 64 64  120 120 120  64 64 64  184 184 176  184 184 176  64 64 64  184 184 176  120 120 120  64 64 64  64 64 64  120 120 120  120 120 120  184 184 176  64 64 64  255 255 255  255 255 255  255 255 255  255 255 255  96 96 88  96 96 88  96 96 88  120 120 120  120 120 120  96 96 88  96 96 88  96 96 88  96 96 88  255 255 255  255 255 255
255 255 255  64 64 64  184 184 176  184 184 176  64 64 64  64 64 64  120 120 120  184 184 176  120 120 120  64 64 64  120 120 120  120 120 120  184 184 176  184 184 176  64 64 64  64 64 64  64 64 64  255 255 255  255 255 255  255 255 255  255 255 255  64 64 64  120 120 120  64 64 64  184 184 176  184 184 176  120 120 120  64 64 64  96 96 88  255 255 255
64 64 64  184 184 176  184 184 176  184 184 176  184 184 176  184 184 176  184 184 176  184 184 176  64 64 64  184 184 176  64 64 64  120 120 120  184 184 176  184 184 176  64 64 64  120 120 120  184 184 176  64 64 64  64 64 64  255 255 255  64 64 64  64 64 64  64 64 64  64 64 64  184 184 176  184 184 176  184 184 176  64 64 64  120 120 120  96 96 88
64 64 64  184 184 176  64 64 64  184 184 176  184 184 176  184 184 176  184 184 176  64 64 64  184 184 176  248 248 248  64 64 64  64 64 64  184 184 176  184 184 176  64 64 64  120 120 120  184 184 176  184 184 176  184 184 176  64 64 64  120 120 120  120 120 120  120 120 120  64 64 64  64 64 64  184 184 176  184 184 176  64 64 64  120 120 120  96 96 88
64 64 64  120 120 120  64 64 64  184 184 176  184 184 176  184 184 176  64 64 64  184 184 176  64 64 64  248 248 248  64 64 64  184 184 176  64 64 64  64 64 64  120 120 120  120 120 120  184 184 176  184 184 176  184 184 176  64 64 64  120 120 120  184 184 176  184 184 176  120 120 120  64 64 64  64 64 64  120 120 120  64 64 64  64 64 64  96 96 88
64 64 64  120 120 120  64 64 64  184 184 176  184 184 176  184 184 176  64 64 64  64 64 64  64 64 64  184 184 176  184 184 176  184 184 176  120 120 120  64 64 64  120 120 120  184 184 176  184 184 176  184 184 176  184 184 176  184 184 176  64 64 64  184 184 176  184 184 176  64 64 64  120 120 120  64 64 64  64 64 64  120 120 120  120 120 120  96 96 88
255 255 255  64 64 64  64 64 64  184 184 176  184 184 176  184 184 176  64 64 64  184 184 176  184 184 176  184 184 176  64 64 64  64 64 64  120 120 120  64 64 64  120 120 120  184 184 176  184 184 176  184 184 176  184 184 176  184 184 176  64 64 64  64 64 64  64 64 64  120 120 120  120 120 120  64 64 64  120 120 120  120 120 120  120 120 120  96 96 88
255 255 255  64 64 64  64 64 64  184 184 176  184 184 176  64 64 64  184 184 176  184 184 176  184 184 176  64 64 64  120 120 120  120 120 120  120 120 120  64 64 64  120 120 120  184 184 176  184 184 176  184 184 176  184 184 176  184 184 176  64 64 64  184 184 176  184 184 176  64 64 64  120 120 120  64 64 64  120 120 120  120 120 120  96 96 88  255 255 255
255 255 255  64 64 64  64 64 64  184 184 176  184 184 176  64 64 64  184 184 176  184 184 176  184 184 176  64 64 64  120 120 120  120 120 120  64 64 64  120 120 120  184 184 176  184 184 176  184 184 176  184 184 176  184 184 176  64 64 64  64 64 64  184 184 176  184 184 176  120 120 120  64 64 64  64 64 64  96 96 88  96 96 88  255 255 255  255 255 255
255 255 255  255 255 255  64 64 64  184 184 176  184 184 176  64 64 64  184 184 176  64 64 64  64 64 64  120 120 120  64 64 64  64 64 64  120 120 120  64 64 64  184 184 176  184 184 176  184 184 176  64 64 64  64 64 64  120 120 120  64 64 64  120 120 120  120 120 120  120 120 120  120 120 120  96 96 88  255 255 255  255 255 255  255 255 255  255 255 255
255 255 255  255 255 255  64 64 64  120 120 120  184 184 176  64 64 64  120 120 120  120 120 120  120 120 120  64 64 64  64 64 64  120 120 120  120 120 120  64 64 64  64 64 64  64 64 64  64 64 64  120 120 120  120 120 120  64 64 64  120 120 120  120 120 120  120 120 120  120 120 120  96 96 88  255 255 255  255 255 255  255 255 255  255 255 255  255 255 255
255 255 255  255 255 255  255 255 255  64 64 64  120 120 120  120 120 120  120 120 120  64 64 64  64 64 64  255 255 255  255 255 255  64 64 64  120 120 120  120 120 120  120 120 120  64 64 64  120 120 120  120 120 120  120 120 120  64 64 64  96 96 88  96 96 88  96 96 88  96 96 88  255 255 255  255 255 255  255 255 255  255 255 255  255 255 255  255 255 255
255 255 255  255 255 255  255 255 255  255 255 255  64 64 64  64 64 64  64 64 64  255 255 255  255 255 255  255 255 255  255 255 255  255 255 255  96 96 88  120 120 120  96 96 88  96 96 88  120 120 120  120 120 120  96 96 88  255 255 255  255 255 255  255 255 255  255 255 255  255 255 255  255 255 255  255 255 255  255 255 255  255 255 255  255 255 255  255 255 255
255 255 255  255 255 255  255 255 255  255 255 255  255 255 255  255 255 255  255 255 255  255 255 255  255 255 255  255 255 255  255 255 255  255 255 255  255 255 255  96 96 88  96 96 88  96 96 88  96 96 88  96 96 88  255 255 255  255 255 255  255 255 255  255 255 255  255 255 255  255 255 255  255 255 255  255 255 255  255 255 255  255 255 255  255 255 255  255 255 255
