20
22
255 255 255  255 255 255  255 255 255  255 255 255  255 255 255  255 255 255  255 255 255  64 64 64  64 64 64  64 64 64  64 64 64  255 255 255  255 255 255  255 255 255  255 255 255  255 255 255  255 255 255  255 255 255  255 255 255  255 255 255  255 255 255  255 255 255
255 255 255  255 255 255  96 96 88  64 64 64  64 64 64  64 64 64  64 64 64  240 240 40  192 168 40  192 168 40  192 168 40  64 64 64  64 64 64  255 255 255  255 255 255  255 255 255  255 255 255  255 255 255  255 255 255  255 255 255  255 255 255  255 255 255
255 255 255  255 255 255  64 64 64  176 128 88  64 64 64  240 240 40  240 240 40  240 240 40  240 240 40  192 168 40  192 168 40  192 168 40  96 96 88  64 64 64  64 64 64  64 64 64  96 96 88  255 255 255  255 255 255  255 255 255  255 255 255  255 255 255
255 255 255  255 255 255  255 255 255  64 64 64  240 240 40  240 240 40  240 240 40  240 240 40  240 240 40  192 168 40  192 168 40  96 96 88  192 168 40  240 240 40  240 240 40  240 240 40  64 64 64  255 255 255  255 255 255  255 255 255  255 255 255  255 255 255
255 255 255  255 255 255  255 255 255  64 64 64  240 240 40  240 240 40  240 240 40  240 240 40  176 128 88  176 128 88  176 128 88  192 168 40  192 168 40  176 128 88  176 128 88  64 64 64  255 255 255  255 255 255  255 255 255  255 255 255  255 255 255  255 255 255
255 255 255  255 255 255  255 255 255  64 64 64  240 240 40  240 240 40  240 240 40  176 128 88  64 64 64  248 248 248  192 168 40  192 168 40  192 168 40  64 64 64  64 64 64  255 255 255  255 255 255  255 255 255  255 255 255  255 255 255  255 255 255  255 255 255
255 255 255  255 255 255  255 255 255  64 64 64  192 168 40  192 168 40  240 240 40  176 128 88  96 96 88  192 168 40  192 168 40  192 168 40  192 168 40  192 168 40  192 168 40  64 64 64  255 255 255  255 255 255  255 255 255  255 255 255  255 255 255  255 255 255
255 255 255  255 255 255  64 64 64  176 128 88  176 128 88  240 240 40  240 240 40  240 240 40  192 168 40  192 168 40  96 96 88  192 168 40  192 168 40  192 168 40  192 168 40  64 64 64  255 255 255  255 255 255  255 255 255  255 255 255  255 255 255  255 255 255
255 255 255  255 255 255  64 64 64  240 240 40  240 240 40  240 240 40  192 168 40  64 64 64  64 64 64  96 96 88  192 168 40  192 168 40  192 168 40  192 168 40  192 168 40  192 168 40  64 64 64  64 64 64  255 255 255  255 255 255  255 255 255  255 255 255
255 255 255  255 255 255  64 64 64  176 128 88  176 128 88  192 168 40  64 64 64  192 168 40  192 168 40  192 168 40  192 168 40  192 168 40  192 168 40  240 240 40  240 240 40  96 96 88  192 168 40  192 168 40  64 64 64  255 255 255  255 255 255  255 255 255
255 255 255  255 255 255  64 64 64  240 240 40  192 168 40  64 64 64  64 64 64  64 64 64  96 96 88  192 168 40  192 168 40  192 168 40  96 96 88  192 168 40  240 240 40  240 240 40  64 64 64  192 168 40  192 168 40  64 64 64  255 255 255  255 255 255
255 255 255  255 255 255  255 255 255  64 64 64  64 64 64  192 168 40  64 64 64  192 168 40  192 168 40  240 240 40  240 240 40  192 168 40  64 64 64  96 96 88  240 240 40  240 240 40  192 168 40  64 64 64  176 128 88  64 64 64  255 255 255  255 255 255
255 255 255  64 64 64  64 64 64  240 240 40  240 240 40  192 168 40  64 64 64  240 240 40  240 240 40  240 240 40  240 240 40  64 64 64  240 240 40  240 240 40  240 240 40  240 240 40  192 168 40  64 64 64  176 128 88  176 128 88  64 64 64  255 255 255
64 64 64  176 128 88  240 240 40  192 168 40  240 240 40  192 168 40  64 64 64  192 168 40  240 240 40  176 128 88  64 64 64  240 240 40  240 240 40  240 240 40  240 240 40  192 168 40  64 64 64  176 128 88  176 128 88  176 128 88  64 64 64  255 255 255
255 255 255  64 64 64  192 168 40  64 64 64  192 168 40  64 64 64  200 200 168  64 64 64  176 128 88  176 128 88  176 128 88  64 64 64  240 240 40  64 64 64  192 168 40  64 64 64  176 128 88  176 128 88  176 128 88  176 128 88  64 64 64  255 255 255
255 255 255  255 255 255  64 64 64  255 255 255  64 64 64  255 255 255  96 96 88  96 96 88  176 128 88  176 128 88  176 128 88  176 128 88  64 64 64  176 128 88  64 64 64  176 128 88  176 128 88  176 128 88  176 128 88  120 120 120  96 96 88  255 255 255
255 255 255  255 255 255  255 255 255  255 255 255  255 255 255  255 255 255  96 96 88  120 120 120  96 96 88  176 128 88  176 128 88  176 128 88  176 128 88  176 128 88  176 128 88  120 120 120  120 120 120  176 128 88  176 128 88  120 120 120  96 96 88  255 255 255
255 255 255  255 255 255  255 255 255  255 255 255  255 255 255  96 96 88  192 168 40  120 120 120  120 120 120  96 96 88  96 96 88  120 120 120  120 120 120  120 120 120  120 120 120  96 96 88  120 120 120  120 120 120  176 128 88  192 168 40  240 240 40  96 96 88
255 255 255  255 255 255  255 255 255  255 255 255  255 255 255  96 96 88  96 96 88  96 96 88  96 96 88  96 96 88  255 255 255  96 96 88  96 96 88  96 96 88  96 96 88  255 255 255  96 96 88  96 96 88  120 120 120  192 168 40  240 240 40  96 96 88
255 255 255  255 255 255  255 255 255  255 255 255  255 255 255  255 255 255  255 255 255  255 255 255  255 255 255  255 255 255  255 255 255  255 255 255  255 255 255  255 255 255  255 255 255  255 255 255  255 255 255  255 255 255  96 96 88  96 96 88  96 96 88  255 255 255
