22
22
255 255 255  255 255 255  255 255 255  255 255 255  255 255 255  255 255 255  255 255 255  255 255 255  255 255 255  255 255 255  255 255 255  255 255 255  255 255 255  64 64 64  64 64 64  64 64 64  64 64 64  255 255 255  255 255 255  255 255 255  255 255 255  255 255 255
255 255 255  255 255 255  255 255 255  255 255 255  255 255 255  64 64 64  64 64 64  64 64 64  64 64 64  255 255 255  255 255 255  255 255 255  64 64 64  240 224 40  240 224 40  184 160 88  184 160 88  64 64 64  255 255 255  255 255 255  255 255 255  255 255 255
255 255 255  255 255 255  255 255 255  255 255 255  255 255 255  64 64 64  96 96 88  240 224 40  184 160 88  64 64 64  64 64 64  64 64 64  64 64 64  240 224 40  240 224 40  240 224 40  184 160 88  184 160 88  64 64 64  255 255 255  255 255 255  255 255 255
255 255 255  255 255 255  255 255 255  255 255 255  255 255 255  64 64 64  96 96 88  96 96 88  240 224 40  240 224 40  240 224 40  240 224 40  64 64 64  64 64 64  240 224 40  64 64 64  184 160 88  64 64 64  64 64 64  255 255 255  255 255 255  255 255 255
255 255 255  255 255 255  255 255 255  255 255 255  255 255 255  255 255 255  64 64 64  64 64 64  240 224 40  240 224 40  240 224 40  240 224 40  240 224 40  64 64 64  240 224 40  64 64 64  64 64 64  64 64 64  184 160 88  64 64 64  255 255 255  255 255 255
255 255 255  255 255 255  255 255 255  255 255 255  255 255 255  255 255 255  64 64 64  240 224 40  240 224 40  240 224 40  240 224 40  240 224 40  240 224 40  64 64 64  64 64 64  64 64 64  184 160 88  184 160 88  184 160 88  64 64 64  255 255 255  255 255 255
255 255 255  255 255 255  255 255 255  255 255 255  255 255 255  64 64 64  240 224 40  240 224 40  240 224 40  240 224 40  240 224 40  240 224 40  184 160 88  184 160 88  184 160 88  64 64 64  184 160 88  184 160 88  184 160 88  184 160 88  64 64 64  255 255 255
255 255 255  255 255 255  255 255 255  255 255 255  255 255 255  64 64 64  64 64 64  64 64 64  240 224 40  240 224 40  240 224 40  240 224 40  184 160 88  184 160 88  184 160 88  64 64 64  184 160 88  240 224 40  184 160 88  184 160 88  64 64 64  255 255 255
255 255 255  255 255 255  255 255 255  255 255 255  64 64 64  64 64 64  248 248 248  64 64 64  64 64 64  240 224 40  240 224 40  240 224 40  64 64 64  64 64 64  184 160 88  64 64 64  184 160 88  240 224 40  184 160 88  184 160 88  64 64 64  255 255 255
255 255 255  255 255 255  255 255 255  255 255 255  64 64 64  184 160 88  64 64 64  240 224 40  240 224 40  240 224 40  184 160 88  64 64 64  248 248 248  248 248 248  64 64 64  64 64 64  64 64 64  64 64 64  184 160 88  184 160 88  64 64 64  255 255 255
255 255 255  255 255 255  255 255 255  255 255 255  64 64 64  64 64 64  240 224 40  240 224 40  240 224 40  240 224 40  184 160 88  64 64 64  64 64 64  248 248 248  64 64 64  184 184 184  184 184 184  64 64 64  184 160 88  184 160 88  64 64 64  255 255 255
255 255 255  255 255 255  255 255 255  255 255 255  64 64 64  64 64 64  240 224 40  240 224 40  240 224 40  184 160 88  184 160 88  64 64 64  184 160 88  64 64 64  184 184 184  64 64 64  112 112 112  184 184 184  64 64 64  184 160 88  64 64 64  255 255 255
255 255 255  64 64 64  64 64 64  255 255 255  248 248 248  64 64 64  240 224 40  240 224 40  240 224 40  184 160 88  184 160 88  64 64 64  184 160 88  64 64 64  184 184 184  112 112 112  112 112 112  184 184 184  64 64 64  184 160 88  64 64 64  255 255 255
255 255 255  64 64 64  240 224 40  64 64 64  64 64 64  248 248 248  64 64 64  184 160 88  184 160 88  184 160 88  64 64 64  64 64 64  64 64 64  184 184 184  64 64 64  184 184 184  184 184 184  64 64 64  64 64 64  64 64 64  64 64 64  255 255 255
64 64 64  240 224 40  240 224 40  240 224 40  64 64 64  248 248 248  248 248 248  64 64 64  64 64 64  64 64 64  184 184 184  184 184 184  184 184 184  184 184 184  184 184 184  64 64 64  64 64 64  184 184 184  64 64 64  184 184 184  184 184 184  64 64 64
64 64 64  240 224 40  184 160 88  184 160 88  184 160 88  64 64 64  248 248 248  248 248 248  248 248 248  248 248 248  248 248 248  248 248 248  248 248 248  248 248 248  184 184 184  184 184 184  64 64 64  184 184 184  184 184 184  64 64 64  64 64 64  64 64 64
255 255 255  64 64 64  184 160 88  184 160 88  64 64 64  64 64 64  64 64 64  248 248 248  64 64 64  248 248 248  64 64 64  248 248 248  248 248 248  64 64 64  64 64 64  184 184 184  64 64 64  64 64 64  64 64 64  64 64 64  255 255 255  255 255 255
255 255 255  64 64 64  64 64 64  64 64 64  255 255 255  64 64 64  64 64 64  64 64 64  240 224 40  64 64 64  184 160 88  64 64 64  64 64 64  184 160 88  64 64 64  64 64 64  184 160 88  184 160 88  184 160 88  64 64 64  255 255 255  255 255 255
255 255 255  255 255 255  255 255 255  255 255 255  255 255 255  64 64 64  240 224 40  96 96 88  96 96 88  240 224 40  184 160 88  184 160 88  184 160 88  184 160 88  184 160 88  184 160 88  184 160 88  184 160 88  184 160 88  64 64 64  255 255 255  255 255 255
255 255 255  255 255 255  255 255 255  255 255 255  255 255 255  255 255 255  96 96 88  240 224 40  96 96 88  96 96 88  96 96 88  96 96 88  96 96 88  96 96 88  240 224 40  240 224 40  184 160 88  184 160 88  96 96 88  255 255 255  255 255 255  255 255 255
255 255 255  255 255 255  255 255 255  255 255 255  255 255 255  96 96 88  240 224 40  184 160 88  184 160 88  184 160 88  96 96 88  255 255 255  255 255 255  96 96 88  96 96 88  240 224 40  240 224 40  184 160 88  184 160 88  96 96 88  255 255 255  255 255 255
255 255 255  255 255 255  255 255 255  255 255 255  255 255 255  96 96 88  96 96 88  96 96 88  96 96 88  96 96 88  255 255 255  255 255 255  255 255 255  255 255 255  96 96 88  96 96 88  96 96 88  96 96 88  96 96 88  96 96 88  255 255 255  255 255 255
