20
23
255 255 255  255 255 255  255 255 255  255 255 255  255 255 255  255 255 255  64 64 64  64 64 64  255 255 255  255 255 255  255 255 255  64 64 64  255 255 255  255 255 255  255 255 255  255 255 255  255 255 255  255 255 255  255 255 255  255 255 255  255 255 255  255 255 255  255 255 255
255 255 255  255 255 255  255 255 255  255 255 255  255 255 255  255 255 255  64 64 64  232 192 136  64 64 64  255 255 255  64 64 64  232 192 136  64 64 64  255 255 255  255 255 255  64 64 64  64 64 64  255 255 255  255 255 255  255 255 255  255 255 255  255 255 255  255 255 255
255 255 255  255 255 255  255 255 255  64 64 64  64 64 64  255 255 255  64 64 64  232 192 136  176 128 88  64 64 64  64 64 64  176 128 88  64 64 64  255 255 255  64 64 64  232 192 136  64 64 64  255 255 255  255 255 255  255 255 255  255 255 255  255 255 255  255 255 255
255 255 255  255 255 255  255 255 255  64 64 64  232 192 136  64 64 64  200 200 168  64 64 64  176 128 88  176 128 88  176 128 88  176 128 88  64 64 64  64 64 64  232 192 136  64 64 64  255 255 255  255 255 255  255 255 255  255 255 255  255 255 255  255 255 255  255 255 255
255 255 255  255 255 255  96 96 88  64 64 64  64 64 64  176 128 88  64 64 64  64 64 64  176 128 88  64 64 64  64 64 64  64 64 64  176 128 88  176 128 88  64 64 64  255 255 255  255 255 255  64 64 64  64 64 64  96 96 88  96 96 88  255 255 255  255 255 255
255 255 255  96 96 88  248 248 248  248 248 248  64 64 64  64 64 64  248 248 248  248 248 248  176 128 88  232 192 136  232 192 136  176 128 88  64 64 64  64 64 64  176 128 88  64 64 64  64 64 64  176 128 88  64 64 64  232 192 136  96 96 88  255 255 255  255 255 255
255 255 255  96 96 88  232 192 136  96 96 88  232 192 136  64 64 64  248 248 248  64 64 64  248 248 248  176 128 88  176 128 88  176 128 88  248 248 248  248 248 248  64 64 64  64 64 64  176 128 88  64 64 64  232 192 136  96 96 88  96 96 88  96 96 88  255 255 255
255 255 255  64 64 64  64 64 64  64 64 64  64 64 64  176 128 88  64 64 64  248 248 248  248 248 248  176 128 88  176 128 88  248 248 248  64 64 64  248 248 248  248 248 248  176 128 88  64 64 64  96 96 88  96 96 88  248 248 248  248 248 248  248 248 248  96 96 88
64 64 64  232 192 136  176 128 88  64 64 64  64 64 64  64 64 64  248 248 248  64 64 64  64 64 64  176 128 88  176 128 88  248 248 248  248 248 248  248 248 248  64 64 64  176 128 88  176 128 88  64 64 64  232 192 136  96 96 88  96 96 88  232 192 136  96 96 88
64 64 64  232 192 136  176 128 88  64 64 64  64 64 64  232 192 136  248 248 248  248 248 248  232 192 136  64 64 64  64 64 64  64 64 64  64 64 64  64 64 64  248 248 248  64 64 64  64 64 64  64 64 64  64 64 64  64 64 64  232 192 136  96 96 88  255 255 255
64 64 64  232 192 136  176 128 88  64 64 64  200 200 168  64 64 64  232 192 136  248 248 248  64 64 64  64 64 64  64 64 64  248 248 248  248 248 248  248 248 248  248 248 248  248 248 248  232 192 136  64 64 64  232 192 136  248 248 248  96 96 88  96 96 88  255 255 255
64 64 64  64 64 64  176 128 88  64 64 64  200 200 168  200 200 168  64 64 64  64 64 64  232 192 136  232 192 136  232 192 136  64 64 64  64 64 64  232 192 136  232 192 136  232 192 136  64 64 64  200 200 168  64 64 64  248 248 248  96 96 88  255 255 255  255 255 255
255 255 255  64 64 64  176 128 88  64 64 64  200 200 168  64 64 64  232 192 136  232 192 136  232 192 136  232 192 136  232 192 136  232 192 136  232 192 136  64 64 64  64 64 64  64 64 64  200 200 168  64 64 64  248 248 248  248 248 248  96 96 88  255 255 255  255 255 255
255 255 255  255 255 255  64 64 64  255 255 255  64 64 64  232 192 136  232 192 136  176 128 88  176 128 88  176 128 88  176 128 88  176 128 88  232 192 136  232 192 136  176 128 88  64 64 64  64 64 64  248 248 248  248 248 248  96 96 88  255 255 255  255 255 255  255 255 255
255 255 255  255 255 255  255 255 255  255 255 255  64 64 64  232 192 136  176 128 88  64 64 64  64 64 64  64 64 64  176 128 88  176 128 88  176 128 88  176 128 88  176 128 88  176 128 88  64 64 64  232 192 136  96 96 88  255 255 255  255 255 255  255 255 255  255 255 255
255 255 255  255 255 255  255 255 255  255 255 255  64 64 64  176 128 88  64 64 64  255 255 255  255 255 255  255 255 255  64 64 64  64 64 64  176 128 88  176 128 88  176 128 88  176 128 88  64 64 64  96 96 88  255 255 255  255 255 255  255 255 255  255 255 255  255 255 255
255 255 255  255 255 255  255 255 255  255 255 255  255 255 255  64 64 64  255 255 255  255 255 255  255 255 255  255 255 255  255 255 255  255 255 255  96 96 88  176 128 88  176 128 88  96 96 88  255 255 255  255 255 255  255 255 255  255 255 255  255 255 255  255 255 255  255 255 255
255 255 255  255 255 255  255 255 255  255 255 255  255 255 255  255 255 255  255 255 255  255 255 255  96 96 88  96 96 88  96 96 88  96 96 88  176 128 88  96 96 88  176 128 88  96 96 88  255 255 255  255 255 255  255 255 255  255 255 255  255 255 255  255 255 255  255 255 255
255 255 255  255 255 255  255 255 255  255 255 255  255 255 255  255 255 255  255 255 255  255 255 255  255 255 255  96 96 88  176 128 88  176 128 88  176 128 88  176 128 88  96 96 88  255 255 255  255 255 255  255 255 255  255 255 255  255 255 255  255 255 255  255 255 255  255 255 255
255 255 255  255 255 255  255 255 255  255 255 255  255 255 255  255 255 255  255 255 255  255 255 255  255 255 255  255 255 255  96 96 88  96 96 88  96 96 88  96 96 88  255 255 255  255 255 255  255 255 255  255 255 255  255 255 255  255 255 255  255 255 255  255 255 255  255 255 255
