16
16
255 255 255  255 255 255  255 255 255  255 255 255  255 255 255  255 255 255  64 64 64  64 64 64  64 64 64  64 64 64  255 255 255  255 255 255  255 255 255  255 255 255  255 255 255  255 255 255
255 255 255  255 255 255  255 255 255  255 255 255  64 64 64  64 64 64  248 248 248  248 248 248  248 248 248  248 248 248  64 64 64  64 64 64  255 255 255  255 255 255  255 255 255  255 255 255
255 255 255  255 255 255  64 64 64  64 64 64  248 248 248  248 248 248  248 248 248  248 248 248  248 248 248  248 248 248  248 248 248  248 248 248  64 64 64  64 64 64  255 255 255  255 255 255
255 255 255  255 255 255  64 64 64  248 248 248  248 248 248  248 248 248  248 248 248  248 248 248  248 248 248  248 248 248  248 248 248  248 248 248  248 248 248  64 64 64  255 255 255  255 255 255
255 255 255  64 64 64  248 248 248  248 248 248  248 248 248  248 248 248  248 248 248  248 248 248  248 248 248  248 248 248  248 248 248  248 248 248  248 248 248  248 248 248  64 64 64  255 255 255
255 255 255  64 64 64  248 248 248  248 248 248  248 248 248  248 248 248  248 248 248  248 248 248  248 248 248  248 248 248  248 248 248  248 248 248  248 248 248  248 248 248  64 64 64  255 255 255
64 64 64  248 248 248  248 248 248  248 248 248  248 248 248  248 248 248  248 248 248  248 248 248  248 248 248  248 248 248  248 248 248  248 248 248  248 248 248  248 248 248  184 184 184  64 64 64
64 64 64  64 64 64  248 248 248  248 248 248  248 248 248  248 248 248  248 248 248  248 248 248  64 64 64  248 248 248  248 248 248  248 248 248  248 248 248  248 248 248  184 184 184  64 64 64
64 64 64  184 184 184  64 64 64  248 248 248  248 248 248  64 64 64  248 248 248  64 64 64  248 248 248  248 248 248  248 248 248  248 248 248  248 248 248  184 184 184  184 184 184  64 64 64
64 64 64  184 184 184  64 64 64  248 248 248  248 248 248  248 248 248  64 64 64  248 248 248  248 248 248  248 248 248  248 248 248  248 248 248  184 184 184  184 184 184  184 184 184  64 64 64
255 255 255  64 64 64  184 184 184  184 184 184  184 184 184  248 248 248  64 64 64  248 248 248  248 248 248  248 248 248  184 184 184  184 184 184  184 184 184  184 184 184  64 64 64  255 255 255
255 255 255  64 64 64  208 96 64  184 184 184  184 184 184  184 184 184  184 184 184  184 184 184  184 184 184  184 184 184  184 184 184  184 184 184  184 184 184  208 96 64  64 64 64  255 255 255
255 255 255  255 255 255  96 96 88  208 96 64  208 96 64  184 184 184  184 184 184  184 184 184  184 184 184  184 184 184  184 184 184  208 96 64  208 96 64  96 96 88  255 255 255  255 255 255
255 255 255  255 255 255  96 96 88  96 96 88  208 96 64  208 96 64  208 96 64  208 96 64  208 96 64  208 96 64  208 96 64  208 96 64  96 96 88  96 96 88  255 255 255  255 255 255
255 255 255  255 255 255  255 255 255  255 255 255  96 96 88  96 96 88  208 96 64  208 96 64  208 96 64  208 96 64  96 96 88  96 96 88  255 255 255  255 255 255  255 255 255  255 255 255
255 255 255  255 255 255  255 255 255  255 255 255  255 255 255  255 255 255  96 96 88  96 96 88  96 96 88  96 96 88  255 255 255  255 255 255  255 255 255  255 255 255  255 255 255  255 255 255
