17
23
255 255 255  255 255 255  255 255 255  255 255 255  255 255 255  255 255 255  255 255 255  255 255 255  255 255 255  255 255 255  255 255 255  255 255 255  255 255 255  64 64 64  64 64 64  255 255 255  255 255 255  255 255 255  255 255 255  255 255 255  255 255 255  255 255 255  255 255 255
255 255 255  255 255 255  255 255 255  255 255 255  255 255 255  64 64 64  64 64 64  255 255 255  255 255 255  255 255 255  255 255 255  255 255 255  64 64 64  248 176 160  248 176 160  64 64 64  255 255 255  255 255 255  255 255 255  255 255 255  255 255 255  255 255 255  255 255 255
255 255 255  255 255 255  255 255 255  255 255 255  64 64 64  248 176 160  248 176 160  64 64 64  255 255 255  255 255 255  255 255 255  64 64 64  248 176 160  248 176 160  248 176 160  248 176 160  64 64 64  255 255 255  255 255 255  255 255 255  255 255 255  255 255 255  255 255 255
255 255 255  255 255 255  255 255 255  64 64 64  248 176 160  248 176 160  248 176 160  248 176 160  96 96 88  64 64 64  64 64 64  64 64 64  248 176 160  248 176 160  248 176 160  232 112 152  64 64 64  255 255 255  255 255 255  64 64 64  64 64 64  255 255 255  255 255 255
255 255 255  255 255 255  255 255 255  64 64 64  248 176 160  248 176 160  248 176 160  248 176 160  64 64 64  248 176 160  248 176 160  232 112 152  64 64 64  232 112 152  232 112 152  232 112 152  96 96 88  255 255 255  64 64 64  240 240 40  240 240 40  64 64 64  255 255 255
255 255 255  255 255 255  255 255 255  96 96 88  232 112 152  248 176 160  248 176 160  64 64 64  248 176 160  248 176 160  248 176 160  248 176 160  232 112 152  64 64 64  232 112 152  96 96 88  200 200 168  64 64 64  248 176 160  96 96 88  240 240 40  240 240 40  64 64 64
255 255 255  255 255 255  255 255 255  96 96 88  232 112 152  232 112 152  232 112 152  64 64 64  248 176 160  248 176 160  248 176 160  248 176 160  232 112 152  64 64 64  96 96 88  64 64 64  64 64 64  64 64 64  248 176 160  248 176 160  96 96 88  96 96 88  96 96 88
255 255 255  255 255 255  255 255 255  64 64 64  64 64 64  232 112 152  64 64 64  232 112 152  248 248 248  248 176 160  248 176 160  248 176 160  232 112 152  248 248 248  64 64 64  232 112 152  248 176 160  232 112 152  64 64 64  232 112 152  232 112 152  96 96 88  255 255 255
255 255 255  255 255 255  64 64 64  248 176 160  248 176 160  64 64 64  64 64 64  232 112 152  248 248 248  64 64 64  248 176 160  232 112 152  64 64 64  248 248 248  64 64 64  248 176 160  248 176 160  248 176 160  64 64 64  96 96 88  96 96 88  255 255 255  255 255 255
255 255 255  64 64 64  248 176 160  248 176 160  248 176 160  248 176 160  64 64 64  232 112 152  232 112 152  232 112 152  232 112 152  232 112 152  232 112 152  64 64 64  232 112 152  248 176 160  248 176 160  248 176 160  232 112 152  64 64 64  255 255 255  255 255 255  255 255 255
255 255 255  64 64 64  248 176 160  248 176 160  248 176 160  232 112 152  64 64 64  232 112 152  232 112 152  232 112 152  96 96 88  96 96 88  232 112 152  64 64 64  232 112 152  248 248 248  232 112 152  232 112 152  232 112 152  64 64 64  255 255 255  255 255 255  255 255 255
64 64 64  232 112 152  248 176 160  248 176 160  248 248 248  232 112 152  232 112 152  64 64 64  232 112 152  96 96 88  232 112 152  232 112 152  232 112 152  64 64 64  232 112 152  248 248 248  64 64 64  232 112 152  232 112 152  64 64 64  255 255 255  255 255 255  255 255 255
64 64 64  232 112 152  232 112 152  64 64 64  248 248 248  232 112 152  232 112 152  64 64 64  232 112 152  232 112 152  232 112 152  232 112 152  96 96 88  64 64 64  232 112 152  232 112 152  232 112 152  232 112 152  232 112 152  96 96 88  255 255 255  255 255 255  255 255 255
96 96 88  232 112 152  232 112 152  232 112 152  232 112 152  232 112 152  232 112 152  64 64 64  96 96 88  96 96 88  96 96 88  96 96 88  255 255 255  255 255 255  64 64 64  232 112 152  232 112 152  232 112 152  96 96 88  255 255 255  255 255 255  255 255 255  255 255 255
96 96 88  232 112 152  96 96 88  96 96 88  232 112 152  232 112 152  232 112 152  96 96 88  255 255 255  255 255 255  255 255 255  255 255 255  255 255 255  255 255 255  255 255 255  96 96 88  96 96 88  96 96 88  255 255 255  255 255 255  255 255 255  255 255 255  255 255 255
255 255 255  96 96 88  232 112 152  232 112 152  232 112 152  232 112 152  96 96 88  255 255 255  255 255 255  255 255 255  255 255 255  255 255 255  255 255 255  255 255 255  255 255 255  255 255 255  255 255 255  255 255 255  255 255 255  255 255 255  255 255 255  255 255 255  255 255 255
255 255 255  255 255 255  96 96 88  96 96 88  96 96 88  96 96 88  255 255 255  255 255 255  255 255 255  255 255 255  255 255 255  255 255 255  255 255 255  255 255 255  255 255 255  255 255 255  255 255 255  255 255 255  255 255 255  255 255 255  255 255 255  255 255 255  255 255 255
