20
18
255 255 255  255 255 255  255 255 255  255 255 255  255 255 255  255 255 255  255 255 255  255 255 255  255 255 255  255 255 255  255 255 255  64 64 64  64 64 64  255 255 255  255 255 255  255 255 255  255 255 255  255 255 255
255 255 255  255 255 255  255 255 255  255 255 255  255 255 255  64 64 64  64 64 64  64 64 64  255 255 255  64 64 64  64 64 64  120 152 72  120 152 72  64 64 64  64 64 64  255 255 255  255 255 255  255 255 255
255 255 255  255 255 255  255 255 255  64 64 64  64 64 64  152 200 72  152 200 72  120 152 72  64 64 64  120 152 72  152 200 72  152 200 72  120 152 72  120 152 72  120 152 72  64 64 64  255 255 255  255 255 255
255 255 255  64 64 64  64 64 64  120 152 72  120 152 72  120 152 72  152 200 72  152 200 72  120 152 72  152 200 72  152 200 72  120 152 72  64 64 64  64 64 64  64 64 64  255 255 255  255 255 255  255 255 255
255 255 255  255 255 255  64 64 64  64 64 64  120 152 72  152 200 72  152 200 72  120 152 72  120 152 72  120 152 72  64 64 64  64 64 64  120 152 72  152 200 72  152 200 72  64 64 64  255 255 255  255 255 255
255 255 255  64 64 64  120 152 72  120 152 72  152 200 72  64 64 64  120 152 72  120 152 72  120 152 72  120 152 72  152 200 72  152 200 72  120 152 72  64 64 64  120 152 72  120 152 72  64 64 64  255 255 255
64 64 64  120 152 72  120 152 72  64 64 64  64 64 64  64 64 64  152 200 72  120 152 72  64 64 64  152 200 72  64 64 64  120 152 72  152 200 72  120 152 72  64 64 64  64 64 64  64 64 64  64 64 64
64 64 64  64 64 64  64 64 64  64 64 64  64 64 64  152 200 72  152 200 72  64 64 64  64 64 64  120 152 72  152 200 72  64 64 64  64 64 64  120 152 72  120 152 72  64 64 64  255 255 255  255 255 255
255 255 255  64 64 64  240 240 168  240 224 40  64 64 64  120 152 72  64 64 64  240 224 40  240 224 40  64 64 64  120 152 72  64 64 64  240 224 40  64 64 64  120 152 72  64 64 64  64 64 64  255 255 255
255 255 255  64 64 64  64 64 64  240 224 40  64 64 64  64 64 64  240 240 168  240 240 168  240 224 40  240 224 40  64 64 64  64 64 64  240 224 40  64 64 64  64 64 64  240 224 40  64 64 64  255 255 255
255 255 255  64 64 64  240 240 168  240 224 40  64 64 64  64 64 64  240 240 168  240 240 168  64 64 64  64 64 64  240 224 40  64 64 64  240 224 40  240 224 40  240 224 40  240 224 40  64 64 64  255 255 255
255 255 255  255 255 255  64 64 64  240 224 40  64 64 64  240 240 168  240 240 168  240 240 168  240 240 168  240 224 40  240 224 40  64 64 64  240 224 40  240 224 40  240 224 40  64 64 64  255 255 255  255 255 255
255 255 255  255 255 255  255 255 255  64 64 64  64 64 64  64 64 64  240 224 40  240 224 40  240 224 40  240 224 40  64 64 64  184 160 88  64 64 64  64 64 64  64 64 64  255 255 255  255 255 255  255 255 255
255 255 255  255 255 255  255 255 255  255 255 255  64 64 64  184 160 88  64 64 64  64 64 64  64 64 64  64 64 64  184 160 88  184 160 88  184 160 88  64 64 64  255 255 255  255 255 255  255 255 255  255 255 255
255 255 255  255 255 255  255 255 255  96 96 88  184 160 88  96 96 88  184 160 88  184 160 88  184 160 88  184 160 88  184 160 88  184 160 88  184 160 88  64 64 64  255 255 255  255 255 255  255 255 255  255 255 255
255 255 255  255 255 255  96 96 88  184 160 88  184 160 88  184 160 88  96 96 88  184 160 88  184 160 88  184 160 88  96 96 88  96 96 88  96 96 88  96 96 88  255 255 255  255 255 255  255 255 255  255 255 255
255 255 255  255 255 255  96 96 88  184 160 88  240 224 40  184 160 88  184 160 88  96 96 88  96 96 88  96 96 88  184 160 88  184 160 88  184 160 88  96 96 88  255 255 255  255 255 255  255 255 255  255 255 255
255 255 255  255 255 255  255 255 255  96 96 88  240 224 40  240 224 40  96 96 88  255 255 255  255 255 255  96 96 88  184 160 88  240 224 40  184 160 88  96 96 88  255 255 255  255 255 255  255 255 255  255 255 255
255 255 255  255 255 255  255 255 255  255 255 255  96 96 88  96 96 88  255 255 255  255 255 255  255 255 255  255 255 255  96 96 88  240 224 40  240 224 40  96 96 88  255 255 255  255 255 255  255 255 255  255 255 255
255 255 255  255 255 255  255 255 255  255 255 255  255 255 255  255 255 255  255 255 255  255 255 255  255 255 255  255 255 255  255 255 255  96 96 88  96 96 88  255 255 255  255 255 255  255 255 255  255 255 255  255 255 255
