17
23
255 255 255  255 255 255  255 255 255  255 255 255  255 255 255  255 255 255  255 255 255  255 255 255  64 64 64  64 64 64  255 255 255  255 255 255  255 255 255  255 255 255  255 255 255  255 255 255  255 255 255  255 255 255  255 255 255  255 255 255  255 255 255  255 255 255  255 255 255
255 255 255  255 255 255  255 255 255  255 255 255  255 255 255  255 255 255  255 255 255  255 255 255  64 64 64  248 248 248  64 64 64  64 64 64  64 64 64  64 64 64  64 64 64  255 255 255  64 64 64  64 64 64  64 64 64  64 64 64  255 255 255  255 255 255  255 255 255
255 255 255  255 255 255  255 255 255  255 255 255  255 255 255  255 255 255  255 255 255  255 255 255  64 64 64  248 248 248  64 64 64  248 248 248  248 248 248  248 248 248  184 184 184  64 64 64  184 184 184  248 248 248  184 184 184  64 64 64  255 255 255  255 255 255  255 255 255
255 255 255  255 255 255  64 64 64  64 64 64  255 255 255  255 255 255  255 255 255  255 255 255  64 64 64  248 248 248  248 248 248  248 248 248  248 248 248  248 248 248  248 248 248  248 248 248  248 248 248  184 184 184  64 64 64  255 255 255  255 255 255  255 255 255  255 255 255
255 255 255  64 64 64  248 248 248  248 248 248  64 64 64  255 255 255  255 255 255  255 255 255  64 64 64  248 248 248  248 248 248  248 248 248  248 248 248  248 248 248  248 248 248  248 248 248  184 184 184  184 184 184  64 64 64  255 255 255  64 64 64  64 64 64  255 255 255
64 64 64  248 248 248  248 248 248  184 184 184  64 64 64  255 255 255  255 255 255  255 255 255  64 64 64  248 248 248  248 248 248  248 248 248  248 248 248  248 248 248  248 248 248  184 184 184  184 184 184  64 64 64  255 255 255  64 64 64  208 208 104  208 208 104  64 64 64
64 64 64  248 248 248  248 248 248  184 184 184  184 184 184  64 64 64  255 255 255  64 64 64  184 184 184  248 248 248  248 248 248  248 248 248  248 248 248  248 248 248  64 64 64  184 184 184  184 184 184  64 64 64  64 64 64  184 160 88  184 160 88  184 160 88  64 64 64
255 255 255  64 64 64  184 184 184  184 184 184  184 184 184  64 64 64  255 255 255  64 64 64  248 248 248  248 248 248  248 248 248  248 248 248  248 248 248  64 64 64  248 248 248  184 184 184  184 184 184  64 64 64  184 160 88  184 160 88  64 64 64  64 64 64  255 255 255
255 255 255  255 255 255  64 64 64  184 184 184  184 184 184  184 184 184  64 64 64  64 64 64  248 248 248  248 248 248  248 248 248  248 248 248  64 64 64  224 72 40  184 184 184  184 184 184  64 64 64  184 160 88  184 160 88  64 64 64  64 64 64  64 64 64  64 64 64
255 255 255  255 255 255  255 255 255  64 64 64  184 184 184  184 184 184  64 64 64  248 248 248  248 248 248  248 248 248  248 248 248  184 184 184  184 184 184  184 184 184  64 64 64  64 64 64  184 160 88  184 160 88  64 64 64  64 64 64  184 160 88  184 160 88  64 64 64
255 255 255  255 255 255  255 255 255  255 255 255  64 64 64  184 184 184  64 64 64  184 184 184  248 248 248  64 64 64  184 184 184  184 184 184  184 184 184  64 64 64  184 160 88  184 160 88  184 160 88  64 64 64  184 160 88  184 160 88  184 160 88  64 64 64  255 255 255
255 255 255  255 255 255  255 255 255  255 255 255  255 255 255  64 64 64  208 208 104  64 64 64  184 184 184  184 184 184  184 184 184  64 64 64  64 64 64  208 208 104  184 160 88  184 160 88  184 160 88  64 64 64  184 160 88  184 160 88  64 64 64  255 255 255  255 255 255
255 255 255  255 255 255  255 255 255  255 255 255  255 255 255  64 64 64  184 160 88  184 160 88  64 64 64  64 64 64  64 64 64  64 64 64  208 208 104  208 208 104  208 208 104  184 160 88  184 160 88  184 160 88  64 64 64  184 160 88  64 64 64  255 255 255  255 255 255
255 255 255  255 255 255  255 255 255  255 255 255  255 255 255  255 255 255  96 96 88  96 96 88  255 255 255  96 96 88  96 96 88  96 96 88  208 208 104  96 96 88  96 96 88  184 160 88  184 160 88  184 160 88  184 160 88  96 96 88  255 255 255  255 255 255  255 255 255
255 255 255  255 255 255  255 255 255  255 255 255  255 255 255  255 255 255  255 255 255  255 255 255  255 255 255  255 255 255  96 96 88  96 96 88  96 96 88  248 248 248  248 248 248  96 96 88  184 160 88  184 160 88  184 160 88  96 96 88  255 255 255  255 255 255  255 255 255
255 255 255  255 255 255  255 255 255  255 255 255  255 255 255  255 255 255  255 255 255  255 255 255  255 255 255  255 255 255  255 255 255  255 255 255  255 255 255  96 96 88  184 184 184  184 184 184  96 96 88  184 160 88  96 96 88  255 255 255  255 255 255  255 255 255  255 255 255
255 255 255  255 255 255  255 255 255  255 255 255  255 255 255  255 255 255  255 255 255  255 255 255  255 255 255  255 255 255  255 255 255  255 255 255  255 255 255  255 255 255  96 96 88  96 96 88  96 96 88  96 96 88  255 255 255  255 255 255  255 255 255  255 255 255  255 255 255
