18
16
255 255 255  255 255 255  255 255 255  255 255 255  255 255 255  255 255 255  255 255 255  255 255 255  64 64 64  64 64 64  64 64 64  255 255 255  255 255 255  255 255 255  255 255 255  255 255 255
255 255 255  255 255 255  255 255 255  255 255 255  255 255 255  255 255 255  64 64 64  64 64 64  64 64 64  232 192 136  232 192 136  64 64 64  64 64 64  255 255 255  255 255 255  255 255 255
255 255 255  255 255 255  255 255 255  255 255 255  255 255 255  64 64 64  232 192 136  64 64 64  232 192 136  232 192 136  64 64 64  232 192 136  64 64 64  255 255 255  255 255 255  255 255 255
255 255 255  255 255 255  255 255 255  255 255 255  64 64 64  232 192 136  64 64 64  232 192 136  232 192 136  64 64 64  232 192 136  232 192 136  232 192 136  64 64 64  255 255 255  255 255 255
255 255 255  255 255 255  255 255 255  255 255 255  64 64 64  232 192 136  232 192 136  232 192 136  64 64 64  232 192 136  232 192 136  232 192 136  64 64 64  64 64 64  255 255 255  255 255 255
255 255 255  255 255 255  255 255 255  64 64 64  232 192 136  232 192 136  232 192 136  232 192 136  232 192 136  232 192 136  64 64 64  232 192 136  232 192 136  232 192 136  64 64 64  255 255 255
255 255 255  255 255 255  64 64 64  64 64 64  64 64 64  232 192 136  232 192 136  232 192 136  64 64 64  232 192 136  232 192 136  176 128 88  176 128 88  232 192 136  64 64 64  255 255 255
255 255 255  64 64 64  176 128 88  64 64 64  64 64 64  176 128 88  176 128 88  64 64 64  248 248 248  176 128 88  176 128 88  176 128 88  176 128 88  64 64 64  255 255 255  255 255 255
255 255 255  64 64 64  64 64 64  64 64 64  176 128 88  176 128 88  176 128 88  64 64 64  248 248 248  176 128 88  176 128 88  176 128 88  176 128 88  64 64 64  255 255 255  255 255 255
64 64 64  232 192 136  232 192 136  240 96 80  64 64 64  176 128 88  176 128 88  176 128 88  176 128 88  176 128 88  176 128 88  176 128 88  64 64 64  64 64 64  64 64 64  255 255 255
64 64 64  232 192 136  240 96 80  240 96 80  64 64 64  64 64 64  64 64 64  176 128 88  176 128 88  176 128 88  176 128 88  64 64 64  232 192 136  232 192 136  232 192 136  64 64 64
64 64 64  232 192 136  240 96 80  64 64 64  64 64 64  64 64 64  144 120 200  64 64 64  64 64 64  64 64 64  64 64 64  176 128 88  176 128 88  176 128 88  64 64 64  255 255 255
255 255 255  64 64 64  64 64 64  96 152 128  64 64 64  176 128 88  64 64 64  232 192 136  232 192 136  240 96 80  64 64 64  176 128 88  64 64 64  64 64 64  255 255 255  255 255 255
255 255 255  255 255 255  255 255 255  96 96 88  144 120 200  144 120 200  96 96 88  232 192 136  240 96 80  240 96 80  96 96 88  96 96 88  144 120 200  96 96 88  255 255 255  255 255 255
255 255 255  255 255 255  255 255 255  255 255 255  96 96 88  96 96 88  96 96 88  232 192 136  240 96 80  240 96 80  96 96 88  176 128 88  96 96 88  255 255 255  255 255 255  255 255 255
255 255 255  255 255 255  255 255 255  255 255 255  255 255 255  255 255 255  255 255 255  96 96 88  96 96 88  96 96 88  176 128 88  96 96 88  255 255 255  255 255 255  255 255 255  255 255 255
255 255 255  255 255 255  255 255 255  255 255 255  255 255 255  255 255 255  255 255 255  96 96 88  192 160 200  192 160 200  144 120 200  96 96 88  255 255 255  255 255 255  255 255 255  255 255 255
255 255 255  255 255 255  255 255 255  255 255 255  255 255 255  255 255 255  255 255 255  255 255 255  96 96 88  96 96 88  96 96 88  255 255 255  255 255 255  255 255 255  255 255 255  255 255 255
