17
21
255 255 255  255 255 255  255 255 255  255 255 255  255 255 255  255 255 255  255 255 255  255 255 255  64 64 64  64 64 64  64 64 64  64 64 64  255 255 255  255 255 255  255 255 255  255 255 255  255 255 255  255 255 255  255 255 255  255 255 255  255 255 255
255 255 255  255 255 255  255 255 255  255 255 255  255 255 255  255 255 255  64 64 64  64 64 64  240 144 240  240 144 240  240 144 240  240 144 240  64 64 64  255 255 255  255 255 255  255 255 255  255 255 255  255 255 255  255 255 255  255 255 255  255 255 255
255 255 255  255 255 255  255 255 255  255 255 255  255 255 255  64 64 64  240 144 240  240 144 240  240 144 240  240 144 240  240 144 240  240 144 240  240 144 240  64 64 64  255 255 255  255 255 255  64 64 64  64 64 64  64 64 64  255 255 255  255 255 255
255 255 255  255 255 255  255 255 255  255 255 255  64 64 64  64 64 64  232 112 152  240 144 240  240 144 240  240 144 240  240 144 240  232 112 152  232 112 152  232 112 152  64 64 64  64 64 64  232 112 152  240 144 240  240 144 240  64 64 64  255 255 255
255 255 255  255 255 255  255 255 255  64 64 64  232 112 152  232 112 152  232 112 152  232 112 152  232 112 152  232 112 152  232 112 152  232 112 152  232 112 152  232 112 152  64 64 64  232 112 152  232 112 152  232 112 152  240 144 240  240 144 240  64 64 64
255 255 255  255 255 255  64 64 64  232 112 152  240 144 240  232 112 152  232 112 152  232 112 152  232 112 152  232 112 152  248 248 248  64 64 64  232 112 152  232 112 152  232 112 152  64 64 64  232 112 152  64 64 64  232 112 152  240 144 240  64 64 64
255 255 255  64 64 64  64 64 64  232 112 152  64 64 64  240 144 240  240 144 240  232 112 152  232 112 152  232 112 152  64 64 64  64 64 64  232 112 152  232 112 152  232 112 152  64 64 64  232 112 152  64 64 64  232 112 152  64 64 64  255 255 255
64 64 64  240 144 240  240 144 240  64 64 64  232 112 152  240 144 240  64 64 64  240 144 240  232 112 152  232 112 152  232 112 152  232 112 152  232 112 152  232 112 152  232 112 152  64 64 64  232 112 152  232 112 152  64 64 64  255 255 255  255 255 255
64 64 64  232 112 152  64 64 64  224 72 40  64 64 64  64 64 64  232 112 152  232 112 152  232 112 152  232 112 152  64 64 64  64 64 64  232 112 152  232 112 152  232 112 152  64 64 64  232 112 152  232 112 152  64 64 64  255 255 255  255 255 255
255 255 255  64 64 64  232 112 152  232 112 152  64 64 64  224 72 40  64 64 64  64 64 64  64 64 64  64 64 64  240 144 240  240 144 240  64 64 64  232 112 152  232 112 152  64 64 64  232 112 152  232 112 152  64 64 64  255 255 255  255 255 255
255 255 255  96 96 88  232 112 152  64 64 64  232 112 152  224 72 40  224 72 40  224 72 40  64 64 64  64 64 64  232 112 152  232 112 152  64 64 64  232 112 152  232 112 152  232 112 152  64 64 64  232 112 152  64 64 64  255 255 255  255 255 255
255 255 255  96 96 88  224 72 40  232 112 152  232 112 152  224 72 40  224 72 40  64 64 64  208 208 104  208 208 104  64 64 64  64 64 64  232 112 152  232 112 152  232 112 152  232 112 152  64 64 64  64 64 64  255 255 255  255 255 255  255 255 255
255 255 255  255 255 255  96 96 88  224 72 40  224 72 40  224 72 40  96 96 88  96 96 88  208 208 104  208 208 104  96 96 88  232 112 152  208 208 104  232 112 152  232 112 152  232 112 152  96 96 88  255 255 255  255 255 255  255 255 255  255 255 255
255 255 255  255 255 255  255 255 255  96 96 88  96 96 88  96 96 88  96 96 88  96 96 88  96 96 88  96 96 88  208 208 104  208 208 104  208 208 104  232 112 152  232 112 152  232 112 152  96 96 88  255 255 255  255 255 255  255 255 255  255 255 255
255 255 255  255 255 255  255 255 255  255 255 255  255 255 255  255 255 255  255 255 255  255 255 255  255 255 255  96 96 88  96 96 88  96 96 88  96 96 88  232 112 152  232 112 152  96 96 88  255 255 255  255 255 255  255 255 255  255 255 255  255 255 255
255 255 255  255 255 255  255 255 255  255 255 255  255 255 255  255 255 255  255 255 255  255 255 255  255 255 255  255 255 255  96 96 88  184 184 184  184 184 184  96 96 88  96 96 88  255 255 255  255 255 255  255 255 255  255 255 255  255 255 255  255 255 255
255 255 255  255 255 255  255 255 255  255 255 255  255 255 255  255 255 255  255 255 255  255 255 255  255 255 255  255 255 255  255 255 255  96 96 88  96 96 88  255 255 255  255 255 255  255 255 255  255 255 255  255 255 255  255 255 255  255 255 255  255 255 255
