19
19
255 255 255  255 255 255  255 255 255  255 255 255  255 255 255  255 255 255  255 255 255  255 255 255  64 64 64  64 64 64  64 64 64  64 64 64  255 255 255  255 255 255  255 255 255  255 255 255  255 255 255  255 255 255  255 255 255
255 255 255  255 255 255  255 255 255  255 255 255  255 255 255  64 64 64  64 64 64  64 64 64  248 176 160  248 176 160  248 176 160  248 176 160  64 64 64  64 64 64  255 255 255  255 255 255  255 255 255  255 255 255  255 255 255
255 255 255  255 255 255  255 255 255  64 64 64  64 64 64  64 64 64  248 176 160  248 176 160  248 176 160  248 176 160  248 176 160  248 176 160  248 176 160  248 176 160  64 64 64  255 255 255  255 255 255  255 255 255  255 255 255
255 255 255  255 255 255  64 64 64  232 112 152  64 64 64  248 176 160  248 176 160  248 176 160  248 176 160  248 176 160  248 176 160  248 176 160  248 176 160  248 176 160  248 176 160  64 64 64  255 255 255  255 255 255  255 255 255
255 255 255  64 64 64  232 112 152  64 64 64  248 248 248  248 176 160  248 176 160  248 176 160  248 176 160  248 176 160  248 176 160  248 176 160  248 176 160  248 176 160  248 176 160  248 176 160  64 64 64  255 255 255  255 255 255
64 64 64  232 112 152  64 64 64  248 176 160  64 64 64  248 176 160  248 176 160  248 248 248  248 176 160  248 176 160  248 176 160  248 176 160  248 176 160  248 176 160  64 64 64  248 176 160  248 176 160  64 64 64  255 255 255
64 64 64  64 64 64  64 64 64  248 176 160  248 176 160  248 176 160  248 176 160  64 64 64  248 176 160  248 176 160  248 176 160  248 176 160  64 64 64  248 176 160  248 176 160  64 64 64  232 112 152  64 64 64  64 64 64
255 255 255  64 64 64  248 176 160  248 176 160  248 176 160  64 64 64  248 176 160  248 176 160  248 176 160  248 176 160  64 64 64  248 176 160  248 176 160  64 64 64  232 112 152  64 64 64  232 112 152  64 64 64  64 64 64
64 64 64  248 176 160  248 176 160  64 64 64  248 176 160  248 176 160  248 176 160  248 176 160  248 176 160  248 176 160  248 176 160  64 64 64  232 112 152  64 64 64  232 112 152  64 64 64  64 64 64  232 112 152  64 64 64
255 255 255  64 64 64  64 64 64  232 112 152  64 64 64  64 64 64  248 176 160  248 176 160  248 176 160  248 176 160  248 176 160  64 64 64  232 112 152  64 64 64  64 64 64  248 176 160  232 112 152  232 112 152  64 64 64
255 255 255  64 64 64  232 112 152  64 64 64  248 248 248  248 248 248  64 64 64  248 176 160  248 176 160  248 176 160  248 176 160  248 176 160  64 64 64  248 176 160  248 176 160  232 112 152  232 112 152  232 112 152  64 64 64
255 255 255  255 255 255  64 64 64  248 176 160  248 248 248  248 248 248  232 112 152  64 64 64  232 112 152  64 64 64  232 112 152  248 176 160  232 112 152  232 112 152  232 112 152  232 112 152  232 112 152  64 64 64  255 255 255
255 255 255  255 255 255  64 64 64  248 176 160  232 112 152  232 112 152  232 112 152  64 64 64  232 112 152  232 112 152  64 64 64  232 112 152  64 64 64  232 112 152  232 112 152  232 112 152  232 112 152  64 64 64  255 255 255
255 255 255  255 255 255  96 96 88  96 96 88  248 176 160  232 112 152  96 96 88  232 112 152  232 112 152  232 112 152  232 112 152  64 64 64  64 64 64  232 112 152  232 112 152  232 112 152  96 96 88  255 255 255  255 255 255
255 255 255  96 96 88  232 112 152  96 96 88  96 96 88  96 96 88  232 112 152  232 112 152  232 112 152  232 112 152  232 112 152  232 112 152  232 112 152  232 112 152  232 112 152  96 96 88  255 255 255  255 255 255  255 255 255
255 255 255  96 96 88  96 96 88  96 96 88  255 255 255  255 255 255  96 96 88  96 96 88  96 96 88  232 112 152  232 112 152  232 112 152  232 112 152  96 96 88  96 96 88  255 255 255  255 255 255  255 255 255  255 255 255
255 255 255  255 255 255  255 255 255  255 255 255  255 255 255  255 255 255  255 255 255  255 255 255  255 255 255  96 96 88  96 96 88  96 96 88  96 96 88  255 255 255  255 255 255  255 255 255  255 255 255  255 255 255  255 255 255
255 255 255  255 255 255  255 255 255  255 255 255  255 255 255  255 255 255  255 255 255  255 255 255  255 255 255  96 96 88  232 112 152  232 112 152  96 96 88  255 255 255  255 255 255  255 255 255  255 255 255  255 255 255  255 255 255
255 255 255  255 255 255  255 255 255  255 255 255  255 255 255  255 255 255  255 255 255  255 255 255  255 255 255  255 255 255  96 96 88  96 96 88  255 255 255  255 255 255  255 255 255  255 255 255  255 255 255  255 255 255  255 255 255
