20
20
255 255 255  255 255 255  255 255 255  255 255 255  255 255 255  255 255 255  255 255 255  255 255 255  255 255 255  255 255 255  255 255 255  64 64 64  64 64 64  255 255 255  255 255 255  255 255 255  255 255 255  255 255 255  255 255 255  255 255 255
255 255 255  255 255 255  255 255 255  255 255 255  255 255 255  255 255 255  255 255 255  255 255 255  255 255 255  255 255 255  64 64 64  136 120 248  64 64 64  255 255 255  255 255 255  255 255 255  255 255 255  255 255 255  255 255 255  255 255 255
255 255 255  255 255 255  255 255 255  64 64 64  64 64 64  64 64 64  255 255 255  64 64 64  255 255 255  64 64 64  64 64 64  136 120 248  64 64 64  255 255 255  64 64 64  64 64 64  255 255 255  255 255 255  255 255 255  255 255 255
255 255 255  255 255 255  64 64 64  136 120 248  136 120 248  136 120 248  64 64 64  136 120 248  64 64 64  136 120 248  64 64 64  64 64 64  136 120 248  64 64 64  64 64 64  136 120 248  64 64 64  255 255 255  255 255 255  255 255 255
255 255 255  255 255 255  255 255 255  64 64 64  64 64 64  136 120 248  136 120 248  64 64 64  136 120 248  136 120 248  64 64 64  64 64 64  64 64 64  64 64 64  64 64 64  136 120 248  64 64 64  255 255 255  255 255 255  255 255 255
255 255 255  255 255 255  255 255 255  64 64 64  136 120 248  64 64 64  136 120 248  64 64 64  136 120 248  64 64 64  64 64 64  136 120 248  136 120 248  136 120 248  64 64 64  136 120 248  64 64 64  255 255 255  255 255 255  255 255 255
255 255 255  255 255 255  255 255 255  64 64 64  136 120 248  136 120 248  64 64 64  96 72 200  64 64 64  136 120 248  136 120 248  136 120 248  64 64 64  64 64 64  136 120 248  64 64 64  64 64 64  255 255 255  255 255 255  255 255 255
255 255 255  64 64 64  64 64 64  136 120 248  64 64 64  136 120 248  64 64 64  96 72 200  64 64 64  136 120 248  64 64 64  64 64 64  136 120 248  136 120 248  64 64 64  64 64 64  64 64 64  255 255 255  255 255 255  255 255 255
64 64 64  136 120 248  136 120 248  96 72 200  64 64 64  64 64 64  64 64 64  64 64 64  136 120 248  64 64 64  96 72 200  96 72 200  64 64 64  64 64 64  64 64 64  96 72 200  136 120 248  64 64 64  64 64 64  255 255 255
64 64 64  64 64 64  64 64 64  64 64 64  248 248 248  248 248 248  64 64 64  64 64 64  64 64 64  64 64 64  64 64 64  136 120 248  64 64 64  96 72 200  64 64 64  64 64 64  96 72 200  136 120 248  136 120 248  64 64 64
255 255 255  255 255 255  64 64 64  64 64 64  64 64 64  248 248 248  64 64 64  248 248 248  248 248 248  64 64 64  96 72 200  64 64 64  136 120 248  64 64 64  96 72 200  64 64 64  64 64 64  64 64 64  64 64 64  255 255 255
255 255 255  64 64 64  96 72 200  64 64 64  184 184 184  184 184 184  64 64 64  64 64 64  248 248 248  64 64 64  64 64 64  64 64 64  136 120 248  64 64 64  64 64 64  96 72 200  96 72 200  64 64 64  255 255 255  255 255 255
255 255 255  64 64 64  64 64 64  64 64 64  64 64 64  64 64 64  64 64 64  184 184 184  184 184 184  64 64 64  64 64 64  96 72 200  64 64 64  64 64 64  96 72 200  64 64 64  64 64 64  255 255 255  255 255 255  255 255 255
255 255 255  255 255 255  64 64 64  64 64 64  96 72 200  96 72 200  64 64 64  64 64 64  64 64 64  64 64 64  96 72 200  64 64 64  64 64 64  64 64 64  64 64 64  96 72 200  64 64 64  255 255 255  255 255 255  255 255 255
255 255 255  255 255 255  255 255 255  96 96 88  96 96 88  96 96 88  96 72 200  96 72 200  96 96 88  96 96 88  96 72 200  96 96 88  96 72 200  96 72 200  96 96 88  96 72 200  96 72 200  96 96 88  255 255 255  255 255 255
255 255 255  255 255 255  96 96 88  208 96 64  208 96 64  96 96 88  96 72 200  96 96 88  96 96 88  96 72 200  96 72 200  96 96 88  96 72 200  96 96 88  96 96 88  96 96 88  96 96 88  255 255 255  255 255 255  255 255 255
255 255 255  255 255 255  255 255 255  96 96 88  96 96 88  255 255 255  96 96 88  96 96 88  96 72 200  96 72 200  96 96 88  96 96 88  96 96 88  208 96 64  96 96 88  255 255 255  255 255 255  255 255 255  255 255 255  255 255 255
255 255 255  255 255 255  255 255 255  255 255 255  255 255 255  255 255 255  255 255 255  96 96 88  96 96 88  96 96 88  96 96 88  208 96 64  208 96 64  208 96 64  96 96 88  255 255 255  255 255 255  255 255 255  255 255 255  255 255 255
255 255 255  255 255 255  255 255 255  255 255 255  255 255 255  255 255 255  255 255 255  255 255 255  255 255 255  96 96 88  240 144 40  240 144 40  208 96 64  96 96 88  255 255 255  255 255 255  255 255 255  255 255 255  255 255 255  255 255 255
255 255 255  255 255 255  255 255 255  255 255 255  255 255 255  255 255 255  255 255 255  255 255 255  255 255 255  255 255 255  96 96 88  96 96 88  96 96 88  255 255 255  255 255 255  255 255 255  255 255 255  255 255 255  255 255 255  255 255 255
