20
23
255 255 255  255 255 255  255 255 255  255 255 255  255 255 255  255 255 255  255 255 255  255 255 255  255 255 255  255 255 255  64 64 64  64 64 64  64 64 64  255 255 255  255 255 255  255 255 255  255 255 255  255 255 255  255 255 255  255 255 255  255 255 255  255 255 255  255 255 255
255 255 255  255 255 255  255 255 255  255 255 255  255 255 255  255 255 255  64 64 64  64 64 64  255 255 255  64 64 64  160 192 248  160 192 248  64 64 64  255 255 255  255 255 255  255 255 255  255 255 255  255 255 255  255 255 255  255 255 255  255 255 255  255 255 255  255 255 255
255 255 255  255 255 255  255 255 255  64 64 64  255 255 255  64 64 64  160 192 248  160 192 248  64 64 64  160 192 248  160 192 248  64 64 64  64 64 64  64 64 64  255 255 255  255 255 255  255 255 255  255 255 255  255 255 255  255 255 255  255 255 255  255 255 255  255 255 255
255 255 255  255 255 255  64 64 64  160 192 248  64 64 64  160 192 248  160 192 248  64 64 64  160 192 248  160 192 248  64 64 64  160 192 248  160 192 248  64 64 64  255 255 255  255 255 255  255 255 255  255 255 255  255 255 255  255 255 255  255 255 255  255 255 255  255 255 255
255 255 255  255 255 255  64 64 64  160 192 248  64 64 64  160 192 248  64 64 64  160 192 248  160 192 248  64 64 64  160 192 248  160 192 248  64 64 64  64 64 64  255 255 255  255 255 255  64 64 64  64 64 64  64 64 64  255 255 255  255 255 255  255 255 255  255 255 255
255 255 255  64 64 64  160 192 248  64 64 64  160 192 248  160 192 248  160 192 248  160 192 248  160 192 248  160 192 248  160 192 248  64 64 64  136 120 248  136 120 248  64 64 64  64 64 64  160 192 248  160 192 248  64 64 64  255 255 255  255 255 255  255 255 255  255 255 255
255 255 255  64 64 64  136 120 248  64 64 64  160 192 248  160 192 248  160 192 248  160 192 248  160 192 248  160 192 248  160 192 248  136 120 248  136 120 248  64 64 64  160 192 248  160 192 248  136 120 248  64 64 64  255 255 255  255 255 255  255 255 255  255 255 255  255 255 255
255 255 255  255 255 255  64 64 64  160 192 248  64 64 64  160 192 248  64 64 64  160 192 248  160 192 248  64 64 64  64 64 64  136 120 248  136 120 248  136 120 248  136 120 248  64 64 64  64 64 64  160 192 248  64 64 64  255 255 255  64 64 64  64 64 64  64 64 64
255 255 255  64 64 64  64 64 64  64 64 64  160 192 248  160 192 248  64 64 64  248 248 248  64 64 64  248 248 248  136 120 248  136 120 248  136 120 248  136 120 248  136 120 248  160 192 248  136 120 248  136 120 248  64 64 64  64 64 64  248 248 248  248 248 248  64 64 64
64 64 64  160 192 248  160 192 248  136 120 248  136 120 248  136 120 248  136 120 248  64 64 64  64 64 64  136 120 248  136 120 248  136 120 248  64 64 64  136 120 248  136 120 248  136 120 248  64 64 64  64 64 64  160 192 248  248 248 248  184 184 184  64 64 64  255 255 255
64 64 64  160 192 248  64 64 64  136 120 248  136 120 248  136 120 248  136 120 248  136 120 248  136 120 248  136 120 248  136 120 248  136 120 248  64 64 64  64 64 64  64 64 64  136 120 248  136 120 248  64 64 64  160 192 248  184 184 184  64 64 64  255 255 255  255 255 255
255 255 255  64 64 64  136 120 248  136 120 248  64 64 64  64 64 64  64 64 64  136 120 248  136 120 248  136 120 248  136 120 248  64 64 64  136 120 248  136 120 248  64 64 64  64 64 64  64 64 64  160 192 248  160 192 248  64 64 64  64 64 64  64 64 64  255 255 255
255 255 255  255 255 255  64 64 64  64 64 64  255 255 255  255 255 255  64 64 64  64 64 64  64 64 64  64 64 64  64 64 64  136 120 248  136 120 248  136 120 248  136 120 248  136 120 248  136 120 248  136 120 248  136 120 248  160 192 248  248 248 248  248 248 248  64 64 64
255 255 255  255 255 255  255 255 255  255 255 255  255 255 255  255 255 255  64 64 64  184 184 184  184 184 184  184 184 184  136 120 248  136 120 248  136 120 248  64 64 64  64 64 64  136 120 248  136 120 248  136 120 248  64 64 64  64 64 64  64 64 64  64 64 64  255 255 255
255 255 255  255 255 255  255 255 255  255 255 255  255 255 255  255 255 255  255 255 255  96 96 88  184 184 184  96 96 88  96 96 88  136 120 248  136 120 248  136 120 248  136 120 248  96 96 88  96 96 88  136 120 248  184 184 184  96 96 88  255 255 255  255 255 255  255 255 255
255 255 255  255 255 255  255 255 255  255 255 255  255 255 255  255 255 255  255 255 255  255 255 255  96 96 88  160 192 248  160 192 248  96 96 88  136 120 248  136 120 248  136 120 248  96 96 88  255 255 255  96 96 88  96 96 88  96 96 88  255 255 255  255 255 255  255 255 255
255 255 255  255 255 255  255 255 255  255 255 255  255 255 255  255 255 255  255 255 255  96 96 88  160 192 248  160 192 248  96 96 88  136 120 248  96 96 88  136 120 248  136 120 248  96 96 88  255 255 255  255 255 255  255 255 255  255 255 255  255 255 255  255 255 255  255 255 255
255 255 255  255 255 255  255 255 255  255 255 255  255 255 255  255 255 255  255 255 255  96 96 88  136 120 248  160 192 248  96 96 88  96 96 88  136 120 248  136 120 248  96 96 88  255 255 255  255 255 255  255 255 255  255 255 255  255 255 255  255 255 255  255 255 255  255 255 255
255 255 255  255 255 255  255 255 255  255 255 255  255 255 255  255 255 255  255 255 255  255 255 255  96 96 88  136 120 248  136 120 248  136 120 248  136 120 248  96 96 88  255 255 255  255 255 255  255 255 255  255 255 255  255 255 255  255 255 255  255 255 255  255 255 255  255 255 255
255 255 255  255 255 255  255 255 255  255 255 255  255 255 255  255 255 255  255 255 255  255 255 255  255 255 255  96 96 88  96 96 88  96 96 88  96 96 88  255 255 255  255 255 255  255 255 255  255 255 255  255 255 255  255 255 255  255 255 255  255 255 255  255 255 255  255 255 255
