17
21
255 255 255  255 255 255  255 255 255  255 255 255  255 255 255  255 255 255  255 255 255  255 255 255  255 255 255  255 255 255  255 255 255  255 255 255  255 255 255  64 64 64  64 64 64  255 255 255  64 64 64  64 64 64  255 255 255  255 255 255  255 255 255
255 255 255  255 255 255  255 255 255  255 255 255  255 255 255  255 255 255  255 255 255  255 255 255  255 255 255  255 255 255  255 255 255  255 255 255  255 255 255  64 64 64  184 184 184  64 64 64  248 248 248  248 248 248  64 64 64  255 255 255  255 255 255
255 255 255  255 255 255  255 255 255  255 255 255  255 255 255  255 255 255  255 255 255  255 255 255  64 64 64  64 64 64  255 255 255  64 64 64  64 64 64  184 184 184  184 184 184  248 248 248  248 248 248  248 248 248  64 64 64  255 255 255  255 255 255
255 255 255  255 255 255  255 255 255  255 255 255  255 255 255  255 255 255  255 255 255  64 64 64  248 248 248  184 184 184  184 184 184  248 248 248  248 248 248  64 64 64  184 184 184  248 248 248  248 248 248  248 248 248  248 248 248  64 64 64  255 255 255
255 255 255  255 255 255  64 64 64  64 64 64  255 255 255  255 255 255  255 255 255  64 64 64  248 248 248  184 184 184  184 184 184  64 64 64  64 64 64  64 64 64  232 112 152  232 112 152  232 112 152  248 248 248  248 248 248  184 184 184  64 64 64
255 255 255  255 255 255  64 64 64  248 248 248  64 64 64  255 255 255  64 64 64  248 248 248  184 184 184  64 64 64  64 64 64  232 112 152  232 112 152  232 112 152  64 64 64  232 112 152  232 112 152  248 248 248  184 184 184  184 184 184  64 64 64
255 255 255  255 255 255  64 64 64  248 248 248  184 184 184  64 64 64  64 64 64  248 248 248  64 64 64  232 112 152  232 112 152  248 176 160  232 112 152  232 112 152  248 176 160  64 64 64  232 112 152  232 112 152  64 64 64  64 64 64  255 255 255
255 255 255  255 255 255  255 255 255  64 64 64  248 176 160  96 96 88  248 248 248  64 64 64  232 112 152  232 112 152  248 176 160  248 248 248  248 176 160  248 176 160  248 248 248  248 248 248  64 64 64  64 64 64  255 255 255  255 255 255  255 255 255
255 255 255  255 255 255  255 255 255  64 64 64  96 96 88  248 248 248  248 248 248  248 248 248  248 248 248  248 248 248  248 248 248  248 248 248  248 248 248  248 248 248  248 248 248  248 248 248  64 64 64  255 255 255  255 255 255  255 255 255  255 255 255
255 255 255  64 64 64  64 64 64  64 64 64  184 184 184  248 248 248  248 248 248  248 248 248  248 248 248  232 112 152  232 112 152  248 248 248  248 248 248  248 248 248  248 248 248  184 184 184  64 64 64  255 255 255  255 255 255  255 255 255  255 255 255
64 64 64  184 184 184  232 112 152  232 112 152  64 64 64  64 64 64  248 248 248  248 248 248  232 112 152  232 112 152  232 112 152  232 112 152  248 248 248  184 184 184  184 184 184  184 184 184  64 64 64  255 255 255  255 255 255  255 255 255  255 255 255
96 96 88  184 184 184  184 184 184  96 96 88  248 176 160  232 112 152  96 96 88  184 184 184  248 248 248  104 168 152  64 64 64  248 248 248  184 184 184  184 184 184  184 184 184  96 96 88  255 255 255  255 255 255  255 255 255  255 255 255  255 255 255
255 255 255  96 96 88  96 96 88  96 96 88  64 64 64  232 112 152  232 112 152  96 96 88  184 184 184  248 248 248  248 248 248  184 184 184  248 176 160  232 112 152  96 96 88  96 96 88  255 255 255  255 255 255  255 255 255  255 255 255  255 255 255
255 255 255  255 255 255  255 255 255  255 255 255  96 96 88  232 112 152  96 96 88  184 184 184  184 184 184  184 184 184  184 184 184  96 96 88  248 248 248  248 176 160  232 112 152  248 248 248  96 96 88  255 255 255  255 255 255  255 255 255  255 255 255
255 255 255  255 255 255  255 255 255  255 255 255  255 255 255  96 96 88  96 96 88  96 96 88  96 96 88  96 96 88  96 96 88  96 96 88  248 248 248  248 248 248  184 184 184  184 184 184  96 96 88  255 255 255  255 255 255  255 255 255  255 255 255
255 255 255  255 255 255  255 255 255  255 255 255  255 255 255  255 255 255  255 255 255  255 255 255  255 255 255  255 255 255  255 255 255  255 255 255  96 96 88  248 248 248  248 248 248  96 96 88  255 255 255  255 255 255  255 255 255  255 255 255  255 255 255
255 255 255  255 255 255  255 255 255  255 255 255  255 255 255  255 255 255  255 255 255  255 255 255  255 255 255  255 255 255  255 255 255  255 255 255  96 96 88  96 96 88  96 96 88  255 255 255  255 255 255  255 255 255  255 255 255  255 255 255  255 255 255
