18
19
255 255 255  255 255 255  255 255 255  255 255 255  255 255 255  255 255 255  255 255 255  255 255 255  64 64 64  64 64 64  255 255 255  255 255 255  255 255 255  255 255 255  255 255 255  255 255 255  255 255 255  255 255 255  255 255 255
255 255 255  255 255 255  255 255 255  255 255 255  64 64 64  64 64 64  255 255 255  64 64 64  192 160 200  192 160 200  64 64 64  255 255 255  255 255 255  255 255 255  255 255 255  255 255 255  255 255 255  255 255 255  255 255 255
255 255 255  255 255 255  255 255 255  64 64 64  112 112 200  112 112 200  64 64 64  64 64 64  192 160 200  192 160 200  64 64 64  255 255 255  255 255 255  64 64 64  64 64 64  255 255 255  255 255 255  255 255 255  255 255 255
255 255 255  255 255 255  255 255 255  64 64 64  112 112 200  112 112 200  64 64 64  144 120 200  192 160 200  192 160 200  144 120 200  64 64 64  64 64 64  112 112 200  112 112 200  64 64 64  255 255 255  255 255 255  255 255 255
255 255 255  255 255 255  64 64 64  64 64 64  64 64 64  112 112 200  64 64 64  192 160 200  192 160 200  192 160 200  144 120 200  64 64 64  112 112 200  112 112 200  112 112 200  64 64 64  255 255 255  255 255 255  255 255 255
255 255 255  64 64 64  192 160 200  192 160 200  192 160 200  64 64 64  64 64 64  96 96 88  96 96 88  192 160 200  144 120 200  144 120 200  64 64 64  64 64 64  64 64 64  64 64 64  64 64 64  255 255 255  255 255 255
255 255 255  64 64 64  144 120 200  192 160 200  192 160 200  192 160 200  96 96 88  240 240 40  240 240 40  96 96 88  144 120 200  64 64 64  192 160 200  192 160 200  192 160 200  192 160 200  192 160 200  64 64 64  255 255 255
255 255 255  64 64 64  64 64 64  144 120 200  192 160 200  96 96 88  96 96 88  240 240 40  240 240 40  96 96 88  96 96 88  192 160 200  192 160 200  192 160 200  192 160 200  144 120 200  144 120 200  64 64 64  255 255 255
64 64 64  112 112 200  64 64 64  144 120 200  96 96 88  240 240 40  240 240 40  240 240 40  240 240 40  240 240 40  240 240 40  96 96 88  192 160 200  144 120 200  144 120 200  144 120 200  64 64 64  255 255 255  255 255 255
64 64 64  112 112 200  112 112 200  64 64 64  96 96 88  240 240 40  96 96 88  96 96 88  96 96 88  240 240 40  240 240 40  96 96 88  96 96 88  144 120 200  144 120 200  64 64 64  64 64 64  255 255 255  255 255 255
255 255 255  64 64 64  112 112 200  64 64 64  240 240 40  96 96 88  248 248 248  248 248 248  240 96 80  96 96 88  240 240 40  240 240 40  240 240 40  96 96 88  64 64 64  112 112 200  112 112 200  64 64 64  255 255 255
255 255 255  255 255 255  64 64 64  64 64 64  240 240 40  96 96 88  248 248 248  248 248 248  240 96 80  96 96 88  240 240 40  240 240 40  240 240 40  96 96 88  64 64 64  112 112 200  112 112 200  112 112 200  64 64 64
255 255 255  255 255 255  96 96 88  144 120 200  96 96 88  96 96 88  240 96 80  240 96 80  240 96 80  96 96 88  232 192 136  96 96 88  96 96 88  144 120 200  96 96 88  112 112 200  112 112 200  112 112 200  64 64 64
255 255 255  255 255 255  96 96 88  144 120 200  96 96 88  232 192 136  96 96 88  96 96 88  96 96 88  232 192 136  232 192 136  96 96 88  144 120 200  144 120 200  96 96 88  96 96 88  64 64 64  64 64 64  255 255 255
255 255 255  255 255 255  96 96 88  144 120 200  144 120 200  96 96 88  96 96 88  232 192 136  232 192 136  96 96 88  96 96 88  144 120 200  144 120 200  144 120 200  144 120 200  96 96 88  255 255 255  255 255 255  255 255 255
255 255 255  255 255 255  255 255 255  96 96 88  96 96 88  255 255 255  96 96 88  96 96 88  96 96 88  112 112 200  112 112 200  96 96 88  96 96 88  144 120 200  144 120 200  96 96 88  255 255 255  255 255 255  255 255 255
255 255 255  255 255 255  255 255 255  255 255 255  255 255 255  255 255 255  255 255 255  96 96 88  112 112 200  112 112 200  96 96 88  255 255 255  255 255 255  96 96 88  96 96 88  255 255 255  255 255 255  255 255 255  255 255 255
255 255 255  255 255 255  255 255 255  255 255 255  255 255 255  255 255 255  255 255 255  255 255 255  96 96 88  96 96 88  255 255 255  255 255 255  255 255 255  255 255 255  255 255 255  255 255 255  255 255 255  255 255 255  255 255 255
