17
19
255 255 255  64 64 64  64 64 64  64 64 64  255 255 255  255 255 255  255 255 255  255 255 255  255 255 255  255 255 255  255 255 255  255 255 255  255 255 255  255 255 255  255 255 255  255 255 255  255 255 255  255 255 255  255 255 255
64 64 64  64 64 64  136 120 248  96 72 200  64 64 64  255 255 255  255 255 255  255 255 255  64 64 64  64 64 64  64 64 64  64 64 64  255 255 255  64 64 64  64 64 64  64 64 64  64 64 64  255 255 255  255 255 255
255 255 255  255 255 255  64 64 64  96 72 200  96 72 200  64 64 64  64 64 64  64 64 64  232 112 152  232 112 152  232 112 152  232 112 152  64 64 64  136 120 248  136 120 248  96 72 200  96 72 200  64 64 64  255 255 255
255 255 255  255 255 255  255 255 255  64 64 64  96 72 200  64 64 64  248 176 160  248 176 160  248 176 160  232 112 152  232 112 152  64 64 64  136 120 248  136 120 248  96 72 200  96 72 200  64 64 64  64 64 64  64 64 64
255 255 255  255 255 255  255 255 255  255 255 255  64 64 64  248 176 160  248 176 160  248 176 160  248 176 160  248 176 160  232 112 152  64 64 64  136 120 248  96 72 200  96 72 200  64 64 64  255 255 255  255 255 255  255 255 255
255 255 255  255 255 255  255 255 255  64 64 64  248 248 248  248 176 160  248 176 160  248 176 160  248 176 160  248 176 160  232 112 152  64 64 64  96 72 200  96 72 200  64 64 64  255 255 255  255 255 255  255 255 255  255 255 255
255 255 255  255 255 255  255 255 255  64 64 64  64 64 64  232 112 152  248 176 160  248 176 160  248 248 248  248 248 248  232 112 152  232 112 152  64 64 64  64 64 64  232 112 152  64 64 64  255 255 255  255 255 255  255 255 255
255 255 255  255 255 255  255 255 255  64 64 64  64 64 64  232 112 152  232 112 152  232 112 152  64 64 64  248 248 248  208 96 64  208 96 64  232 112 152  232 112 152  64 64 64  208 96 64  64 64 64  255 255 255  255 255 255
255 255 255  255 255 255  255 255 255  255 255 255  64 64 64  64 64 64  232 112 152  232 112 152  64 64 64  248 248 248  208 96 64  208 96 64  232 112 152  64 64 64  208 96 64  208 96 64  208 96 64  64 64 64  255 255 255
255 255 255  255 255 255  64 64 64  64 64 64  64 64 64  208 96 64  64 64 64  64 64 64  64 64 64  64 64 64  64 64 64  64 64 64  64 64 64  64 64 64  208 96 64  208 96 64  208 96 64  64 64 64  255 255 255
255 255 255  64 64 64  248 248 248  248 248 248  64 64 64  208 96 64  184 184 184  208 96 64  208 96 64  64 64 64  248 248 248  248 248 248  64 64 64  208 96 64  64 64 64  64 64 64  64 64 64  255 255 255  255 255 255
255 255 255  64 64 64  248 248 248  248 248 248  248 248 248  208 96 64  184 184 184  208 96 64  208 96 64  248 248 248  248 248 248  248 248 248  64 64 64  64 64 64  64 64 64  248 176 160  64 64 64  255 255 255  255 255 255
255 255 255  64 64 64  184 184 184  184 184 184  64 64 64  64 64 64  64 64 64  184 184 184  184 184 184  64 64 64  184 184 184  184 184 184  64 64 64  248 176 160  232 112 152  64 64 64  255 255 255  255 255 255  255 255 255
255 255 255  255 255 255  64 64 64  64 64 64  255 255 255  64 64 64  64 64 64  64 64 64  64 64 64  64 64 64  64 64 64  64 64 64  232 112 152  64 64 64  64 64 64  255 255 255  255 255 255  255 255 255  255 255 255
255 255 255  255 255 255  255 255 255  255 255 255  255 255 255  255 255 255  255 255 255  255 255 255  255 255 255  255 255 255  64 64 64  96 72 200  232 112 152  96 72 200  64 64 64  255 255 255  255 255 255  255 255 255  255 255 255
255 255 255  255 255 255  255 255 255  255 255 255  255 255 255  255 255 255  255 255 255  255 255 255  255 255 255  255 255 255  64 64 64  136 120 248  96 72 200  96 72 200  64 64 64  255 255 255  255 255 255  255 255 255  255 255 255
255 255 255  255 255 255  255 255 255  255 255 255  255 255 255  255 255 255  255 255 255  255 255 255  255 255 255  255 255 255  255 255 255  64 64 64  64 64 64  64 64 64  255 255 255  255 255 255  255 255 255  255 255 255  255 255 255
