17
18
255 255 255  64 64 64  255 255 255  255 255 255  64 64 64  64 64 64  255 255 255  255 255 255  64 64 64  64 64 64  64 64 64  255 255 255  255 255 255  255 255 255  255 255 255  255 255 255  255 255 255  255 255 255
64 64 64  120 152 72  64 64 64  255 255 255  64 64 64  152 200 72  64 64 64  64 64 64  152 200 72  152 200 72  64 64 64  255 255 255  255 255 255  255 255 255  255 255 255  255 255 255  255 255 255  255 255 255
64 64 64  208 208 104  120 152 72  64 64 64  152 200 72  64 64 64  152 200 72  152 200 72  152 200 72  152 200 72  64 64 64  64 64 64  64 64 64  64 64 64  255 255 255  255 255 255  64 64 64  64 64 64
64 64 64  208 208 104  120 152 72  64 64 64  152 200 72  152 200 72  152 200 72  152 200 72  152 200 72  64 64 64  152 200 72  152 200 72  152 200 72  64 64 64  255 255 255  64 64 64  120 152 72  64 64 64
255 255 255  64 64 64  64 64 64  152 200 72  152 200 72  152 200 72  152 200 72  152 200 72  64 64 64  152 200 72  152 200 72  152 200 72  64 64 64  255 255 255  64 64 64  120 152 72  208 208 104  64 64 64
255 255 255  64 64 64  64 64 64  152 200 72  152 200 72  152 200 72  152 200 72  152 200 72  152 200 72  152 200 72  64 64 64  64 64 64  120 152 72  64 64 64  120 152 72  208 208 104  208 208 104  64 64 64
255 255 255  64 64 64  152 200 72  152 200 72  152 200 72  152 200 72  152 200 72  152 200 72  152 200 72  64 64 64  120 152 72  120 152 72  120 152 72  64 64 64  120 152 72  208 208 104  64 64 64  255 255 255
255 255 255  64 64 64  152 200 72  152 200 72  152 200 72  152 200 72  152 200 72  152 200 72  64 64 64  120 152 72  152 200 72  152 200 72  64 64 64  64 64 64  64 64 64  208 208 104  64 64 64  255 255 255
255 255 255  255 255 255  64 64 64  152 200 72  152 200 72  152 200 72  64 64 64  64 64 64  184 184 184  152 200 72  152 200 72  64 64 64  64 64 64  120 152 72  120 152 72  64 64 64  255 255 255  255 255 255
255 255 255  64 64 64  64 64 64  152 200 72  152 200 72  96 96 88  248 248 248  64 64 64  248 248 248  64 64 64  64 64 64  120 152 72  64 64 64  152 200 72  120 152 72  64 64 64  255 255 255  255 255 255
64 64 64  120 152 72  120 152 72  64 64 64  120 152 72  152 200 72  152 200 72  64 64 64  64 64 64  120 152 72  120 152 72  64 64 64  64 64 64  248 248 248  152 200 72  120 152 72  64 64 64  255 255 255
64 64 64  120 152 72  248 248 248  64 64 64  64 64 64  64 64 64  64 64 64  120 152 72  120 152 72  120 152 72  120 152 72  120 152 72  64 64 64  248 248 248  248 248 248  120 152 72  64 64 64  255 255 255
96 96 88  120 152 72  248 248 248  96 96 88  96 96 88  96 96 88  96 96 88  96 96 88  96 96 88  96 96 88  120 152 72  96 96 88  120 152 72  96 96 88  248 248 248  120 152 72  96 96 88  255 255 255
255 255 255  96 96 88  248 248 248  96 96 88  120 152 72  120 152 72  96 96 88  152 200 72  120 152 72  120 152 72  96 96 88  120 152 72  120 152 72  96 96 88  248 248 248  120 152 72  96 96 88  255 255 255
255 255 255  255 255 255  96 96 88  255 255 255  96 96 88  96 96 88  96 96 88  96 96 88  152 200 72  120 152 72  96 96 88  120 152 72  96 96 88  248 248 248  248 248 248  96 96 88  255 255 255  255 255 255
255 255 255  255 255 255  255 255 255  255 255 255  255 255 255  255 255 255  255 255 255  255 255 255  96 96 88  96 96 88  184 184 184  96 96 88  96 96 88  248 248 248  96 96 88  255 255 255  255 255 255  255 255 255
255 255 255  255 255 255  255 255 255  255 255 255  255 255 255  255 255 255  255 255 255  255 255 255  255 255 255  255 255 255  96 96 88  96 96 88  96 96 88  96 96 88  255 255 255  255 255 255  255 255 255  255 255 255
