19
20
255 255 255  255 255 255  64 64 64  64 64 64  255 255 255  255 255 255  255 255 255  255 255 255  255 255 255  64 64 64  64 64 64  255 255 255  255 255 255  255 255 255  255 255 255  255 255 255  255 255 255  255 255 255  255 255 255  255 255 255
255 255 255  64 64 64  240 224 40  184 160 88  64 64 64  255 255 255  255 255 255  255 255 255  64 64 64  240 224 40  64 64 64  255 255 255  255 255 255  255 255 255  255 255 255  255 255 255  255 255 255  255 255 255  255 255 255  255 255 255
255 255 255  64 64 64  184 160 88  184 160 88  64 64 64  255 255 255  255 255 255  64 64 64  64 64 64  240 224 40  64 64 64  64 64 64  255 255 255  255 255 255  255 255 255  64 64 64  64 64 64  255 255 255  255 255 255  255 255 255
255 255 255  255 255 255  64 64 64  64 64 64  184 160 88  64 64 64  64 64 64  64 64 64  240 224 40  240 224 40  64 64 64  184 160 88  64 64 64  255 255 255  64 64 64  240 224 40  184 160 88  64 64 64  255 255 255  255 255 255
255 255 255  255 255 255  255 255 255  64 64 64  64 64 64  184 160 88  240 224 40  64 64 64  240 224 40  64 64 64  184 160 88  184 160 88  184 160 88  64 64 64  64 64 64  184 160 88  184 160 88  64 64 64  255 255 255  255 255 255
255 255 255  255 255 255  64 64 64  184 160 88  240 224 40  240 224 40  240 224 40  240 224 40  184 160 88  184 160 88  184 160 88  184 160 88  184 160 88  64 64 64  184 160 88  64 64 64  64 64 64  255 255 255  255 255 255  255 255 255
255 255 255  64 64 64  240 224 40  240 224 40  240 224 40  112 112 112  240 224 40  112 112 112  112 112 112  184 160 88  184 160 88  184 160 88  64 64 64  184 160 88  64 64 64  255 255 255  255 255 255  255 255 255  255 255 255  255 255 255
255 255 255  64 64 64  240 224 40  240 224 40  248 248 248  112 112 112  112 112 112  112 112 112  184 160 88  184 160 88  184 160 88  184 160 88  184 160 88  64 64 64  184 160 88  64 64 64  255 255 255  255 255 255  255 255 255  255 255 255
255 255 255  255 255 255  64 64 64  240 224 40  64 64 64  240 224 40  240 224 40  184 160 88  184 160 88  64 64 64  64 64 64  184 160 88  184 160 88  184 160 88  184 160 88  184 160 88  64 64 64  255 255 255  255 255 255  255 255 255
255 255 255  255 255 255  255 255 255  64 64 64  240 224 40  240 224 40  184 160 88  184 160 88  64 64 64  248 248 248  184 160 88  184 160 88  184 160 88  184 160 88  184 160 88  184 160 88  64 64 64  255 255 255  255 255 255  255 255 255
255 255 255  64 64 64  64 64 64  64 64 64  184 160 88  240 224 40  64 64 64  184 160 88  184 160 88  184 160 88  184 160 88  184 160 88  184 160 88  184 160 88  184 160 88  64 64 64  255 255 255  255 255 255  255 255 255  255 255 255
64 64 64  240 224 40  240 224 40  64 64 64  64 64 64  184 160 88  184 160 88  184 160 88  64 64 64  64 64 64  64 64 64  184 160 88  184 160 88  64 64 64  64 64 64  255 255 255  255 255 255  255 255 255  255 255 255  255 255 255
64 64 64  240 224 40  184 160 88  64 64 64  184 160 88  64 64 64  64 64 64  64 64 64  64 64 64  64 64 64  184 184 184  64 64 64  64 64 64  240 224 40  184 160 88  64 64 64  64 64 64  255 255 255  255 255 255  255 255 255
255 255 255  112 112 112  112 112 112  255 255 255  112 112 112  112 112 112  184 160 88  112 112 112  240 224 40  240 224 40  112 112 112  240 224 40  240 224 40  184 160 88  184 160 88  112 112 112  184 160 88  112 112 112  112 112 112  255 255 255
255 255 255  255 255 255  255 255 255  112 112 112  112 112 112  112 112 112  112 112 112  112 112 112  240 224 40  184 160 88  112 112 112  112 112 112  112 112 112  184 160 88  184 160 88  112 112 112  184 160 88  112 112 112  184 160 88  112 112 112
255 255 255  255 255 255  255 255 255  112 112 112  112 112 112  112 112 112  112 112 112  112 112 112  112 112 112  112 112 112  184 160 88  184 160 88  184 160 88  184 160 88  112 112 112  255 255 255  112 112 112  184 160 88  184 160 88  112 112 112
255 255 255  255 255 255  255 255 255  255 255 255  255 255 255  255 255 255  255 255 255  112 112 112  112 112 112  112 112 112  112 112 112  112 112 112  112 112 112  112 112 112  255 255 255  255 255 255  255 255 255  112 112 112  112 112 112  255 255 255
255 255 255  255 255 255  255 255 255  255 255 255  255 255 255  255 255 255  255 255 255  255 255 255  255 255 255  255 255 255  112 112 112  184 160 88  184 160 88  112 112 112  255 255 255  255 255 255  255 255 255  255 255 255  255 255 255  255 255 255
255 255 255  255 255 255  255 255 255  255 255 255  255 255 255  255 255 255  255 255 255  255 255 255  255 255 255  255 255 255  255 255 255  112 112 112  112 112 112  255 255 255  255 255 255  255 255 255  255 255 255  255 255 255  255 255 255  255 255 255
