20
25
255 255 255  255 255 255  255 255 255  255 255 255  255 255 255  255 255 255  64 64 64  64 64 64  255 255 255  64 64 64  255 255 255  255 255 255  255 255 255  255 255 255  255 255 255  255 255 255  255 255 255  255 255 255  255 255 255  255 255 255  255 255 255  255 255 255  255 255 255  255 255 255  255 255 255
255 255 255  255 255 255  255 255 255  255 255 255  255 255 255  255 255 255  64 64 64  248 248 248  64 64 64  248 248 248  64 64 64  255 255 255  255 255 255  255 255 255  255 255 255  255 255 255  255 255 255  255 255 255  255 255 255  255 255 255  255 255 255  255 255 255  255 255 255  255 255 255  255 255 255
255 255 255  255 255 255  255 255 255  255 255 255  64 64 64  64 64 64  64 64 64  248 248 248  248 248 248  248 248 248  64 64 64  64 64 64  64 64 64  255 255 255  64 64 64  64 64 64  255 255 255  255 255 255  255 255 255  255 255 255  255 255 255  255 255 255  255 255 255  255 255 255  255 255 255
255 255 255  255 255 255  255 255 255  255 255 255  64 64 64  248 248 248  248 248 248  248 248 248  248 248 248  64 64 64  64 64 64  64 64 64  160 192 248  64 64 64  248 248 248  248 248 248  64 64 64  255 255 255  64 64 64  64 64 64  64 64 64  64 64 64  255 255 255  255 255 255  255 255 255
255 255 255  255 255 255  255 255 255  255 255 255  255 255 255  64 64 64  248 248 248  64 64 64  64 64 64  96 72 200  160 192 248  160 192 248  64 64 64  160 192 248  64 64 64  248 248 248  64 64 64  64 64 64  96 72 200  248 248 248  248 248 248  248 248 248  64 64 64  64 64 64  255 255 255
255 255 255  255 255 255  255 255 255  64 64 64  255 255 255  255 255 255  64 64 64  136 120 248  64 64 64  160 192 248  160 192 248  160 192 248  160 192 248  160 192 248  160 192 248  64 64 64  248 248 248  255 255 255  64 64 64  96 72 200  248 248 248  184 184 184  184 184 184  96 72 200  64 64 64
255 255 255  255 255 255  64 64 64  136 120 248  64 64 64  255 255 255  64 64 64  96 72 200  64 64 64  64 64 64  160 192 248  160 192 248  136 120 248  64 64 64  160 192 248  136 120 248  64 64 64  255 255 255  255 255 255  64 64 64  184 184 184  184 184 184  96 72 200  64 64 64  64 64 64
255 255 255  255 255 255  64 64 64  96 72 200  64 64 64  64 64 64  136 120 248  64 64 64  64 64 64  96 72 200  64 64 64  136 120 248  136 120 248  64 64 64  136 120 248  136 120 248  136 120 248  64 64 64  64 64 64  64 64 64  64 64 64  64 64 64  64 64 64  255 255 255  255 255 255
255 255 255  255 255 255  255 255 255  64 64 64  96 72 200  64 64 64  136 120 248  64 64 64  96 72 200  64 64 64  136 120 248  64 64 64  136 120 248  136 120 248  64 64 64  136 120 248  136 120 248  64 64 64  248 248 248  64 64 64  160 192 248  64 64 64  255 255 255  64 64 64  64 64 64
255 255 255  64 64 64  64 64 64  64 64 64  96 72 200  64 64 64  96 72 200  96 72 200  64 64 64  136 120 248  136 120 248  136 120 248  64 64 64  136 120 248  64 64 64  136 120 248  136 120 248  64 64 64  248 248 248  64 64 64  160 192 248  64 64 64  64 64 64  248 248 248  64 64 64
64 64 64  96 72 200  96 72 200  96 72 200  64 64 64  64 64 64  96 72 200  64 64 64  248 248 248  136 120 248  64 64 64  64 64 64  64 64 64  136 120 248  64 64 64  136 120 248  64 64 64  160 192 248  64 64 64  160 192 248  160 192 248  64 64 64  248 248 248  248 248 248  64 64 64
255 255 255  64 64 64  248 248 248  64 64 64  64 64 64  64 64 64  64 64 64  208 96 64  248 248 248  136 120 248  96 72 200  96 72 200  64 64 64  136 120 248  64 64 64  136 120 248  64 64 64  160 192 248  64 64 64  160 192 248  160 192 248  136 120 248  64 64 64  64 64 64  255 255 255
64 64 64  248 248 248  248 248 248  64 64 64  240 240 40  240 240 40  240 240 40  64 64 64  136 120 248  136 120 248  248 248 248  248 248 248  96 72 200  64 64 64  136 120 248  64 64 64  136 120 248  136 120 248  160 192 248  64 64 64  136 120 248  136 120 248  64 64 64  255 255 255  255 255 255
64 64 64  248 248 248  64 64 64  240 240 40  184 160 64  64 64 64  240 240 40  240 240 40  64 64 64  136 120 248  248 248 248  248 248 248  248 248 248  96 72 200  64 64 64  184 160 64  184 160 64  136 120 248  160 192 248  64 64 64  64 64 64  136 120 248  64 64 64  255 255 255  255 255 255
255 255 255  96 96 88  96 96 88  240 240 40  96 96 88  96 96 88  96 96 88  240 240 40  96 96 88  136 120 248  96 96 88  248 248 248  248 248 248  64 64 64  184 160 64  184 160 64  184 160 64  64 64 64  64 64 64  136 120 248  64 64 64  64 64 64  255 255 255  255 255 255  255 255 255
96 96 88  255 255 255  96 96 88  184 160 64  96 96 88  96 96 88  96 96 88  240 240 40  96 96 88  136 120 248  96 96 88  248 248 248  96 96 88  96 96 88  96 96 88  96 96 88  96 96 88  136 120 248  64 64 64  136 120 248  184 160 64  64 64 64  255 255 255  255 255 255  255 255 255
255 255 255  255 255 255  96 96 88  184 160 64  96 96 88  96 96 88  96 96 88  184 160 64  96 96 88  96 96 88  255 255 255  96 96 88  255 255 255  96 96 88  184 160 64  184 160 64  136 120 248  96 96 88  136 120 248  96 96 88  184 160 64  96 96 88  255 255 255  255 255 255  255 255 255
255 255 255  255 255 255  96 96 88  184 160 64  184 160 64  96 96 88  184 160 64  184 160 64  96 96 88  255 255 255  96 96 88  255 255 255  255 255 255  96 96 88  96 96 88  96 96 88  96 96 88  184 160 64  136 120 248  96 96 88  96 96 88  255 255 255  255 255 255  255 255 255  255 255 255
255 255 255  255 255 255  255 255 255  96 96 88  184 160 64  184 160 64  184 160 64  96 96 88  255 255 255  255 255 255  255 255 255  96 96 88  96 96 88  255 255 255  96 96 88  184 160 64  184 160 64  184 160 64  96 96 88  96 96 88  255 255 255  255 255 255  255 255 255  255 255 255  255 255 255
255 255 255  255 255 255  255 255 255  255 255 255  96 96 88  96 96 88  96 96 88  255 255 255  255 255 255  255 255 255  255 255 255  255 255 255  255 255 255  255 255 255  255 255 255  96 96 88  96 96 88  96 96 88  255 255 255  255 255 255  255 255 255  255 255 255  255 255 255  255 255 255  255 255 255
