18
24
255 255 255  255 255 255  255 255 255  255 255 255  64 64 64  64 64 64  255 255 255  255 255 255  255 255 255  64 64 64  64 64 64  64 64 64  255 255 255  255 255 255  255 255 255  255 255 255  255 255 255  255 255 255  255 255 255  255 255 255  255 255 255  255 255 255  255 255 255  255 255 255
255 255 255  255 255 255  255 255 255  64 64 64  160 168 240  160 168 240  64 64 64  64 64 64  64 64 64  160 168 240  160 168 240  112 112 200  64 64 64  255 255 255  255 255 255  255 255 255  255 255 255  255 255 255  255 255 255  255 255 255  255 255 255  255 255 255  255 255 255  255 255 255
64 64 64  64 64 64  64 64 64  160 168 240  64 64 64  64 64 64  160 168 240  112 112 200  112 112 200  160 168 240  64 64 64  112 112 200  64 64 64  255 255 255  64 64 64  255 255 255  255 255 255  255 255 255  255 255 255  255 255 255  255 255 255  255 255 255  255 255 255  255 255 255
64 64 64  248 248 248  160 168 240  64 64 64  160 168 240  160 168 240  112 112 200  112 112 200  112 112 200  64 64 64  112 112 200  112 112 200  64 64 64  64 64 64  248 248 248  64 64 64  64 64 64  255 255 255  255 255 255  255 255 255  255 255 255  255 255 255  255 255 255  255 255 255
255 255 255  64 64 64  160 168 240  160 168 240  64 64 64  112 112 200  112 112 200  112 112 200  112 112 200  112 112 200  64 64 64  64 64 64  248 248 248  248 248 248  248 248 248  64 64 64  248 248 248  64 64 64  64 64 64  255 255 255  255 255 255  255 255 255  255 255 255  255 255 255
255 255 255  255 255 255  64 64 64  160 168 240  160 168 240  112 112 200  112 112 200  248 248 248  112 112 200  112 112 200  64 64 64  248 248 248  248 248 248  64 64 64  248 248 248  248 248 248  184 184 176  64 64 64  184 184 176  64 64 64  255 255 255  255 255 255  255 255 255  255 255 255
255 255 255  64 64 64  160 168 240  160 168 240  112 112 200  112 112 200  64 64 64  248 248 248  112 112 200  112 112 200  64 64 64  184 184 176  64 64 64  248 248 248  64 64 64  184 184 176  184 184 176  184 184 176  184 184 176  64 64 64  64 64 64  255 255 255  255 255 255  255 255 255
255 255 255  64 64 64  160 168 240  160 168 240  112 112 200  112 112 200  64 64 64  112 112 200  112 112 200  112 112 200  64 64 64  184 184 176  184 184 176  184 184 176  184 184 176  184 184 176  184 184 176  184 184 176  64 64 64  184 184 176  64 64 64  255 255 255  255 255 255  255 255 255
255 255 255  64 64 64  240 240 40  160 168 240  112 112 200  112 112 200  192 168 40  192 168 40  64 64 64  112 112 200  64 64 64  184 184 176  184 184 176  184 184 176  184 184 176  64 64 64  64 64 64  64 64 64  184 184 176  64 64 64  112 112 200  64 64 64  255 255 255  255 255 255
255 255 255  255 255 255  64 64 64  240 240 40  240 240 40  192 168 40  192 168 40  64 64 64  192 168 40  192 168 40  64 64 64  64 64 64  64 64 64  64 64 64  64 64 64  184 184 176  184 184 176  184 184 176  64 64 64  112 112 200  112 112 200  112 112 200  64 64 64  255 255 255
255 255 255  255 255 255  255 255 255  64 64 64  64 64 64  64 64 64  64 64 64  192 168 40  192 168 40  192 168 40  112 112 200  64 64 64  184 184 176  184 184 176  184 184 176  184 184 176  64 64 64  64 64 64  112 112 200  112 112 200  192 168 40  192 168 40  192 168 40  64 64 64
255 255 255  255 255 255  255 255 255  64 64 64  64 64 64  64 64 64  240 240 40  192 168 40  192 168 40  192 168 40  112 112 200  112 112 200  64 64 64  64 64 64  64 64 64  64 64 64  112 112 200  112 112 200  112 112 200  64 64 64  64 64 64  64 64 64  64 64 64  255 255 255
255 255 255  255 255 255  96 96 88  96 96 88  112 112 200  96 96 88  240 240 40  192 168 40  192 168 40  192 168 40  112 112 200  112 112 200  112 112 200  112 112 200  112 112 200  112 112 200  112 112 200  96 96 88  96 96 88  255 255 255  255 255 255  255 255 255  255 255 255  255 255 255
255 255 255  96 96 88  112 112 200  192 168 40  192 168 40  96 96 88  240 240 40  240 240 40  192 168 40  192 168 40  192 168 40  112 112 200  112 112 200  112 112 200  112 112 200  96 96 88  96 96 88  255 255 255  255 255 255  255 255 255  255 255 255  255 255 255  255 255 255  255 255 255
255 255 255  255 255 255  96 96 88  96 96 88  96 96 88  255 255 255  96 96 88  240 240 40  240 240 40  192 168 40  192 168 40  112 112 200  112 112 200  112 112 200  112 112 200  96 96 88  255 255 255  255 255 255  255 255 255  255 255 255  255 255 255  255 255 255  255 255 255  255 255 255
255 255 255  255 255 255  255 255 255  255 255 255  255 255 255  255 255 255  255 255 255  96 96 88  96 96 88  96 96 88  96 96 88  192 168 40  192 168 40  112 112 200  112 112 200  112 112 200  96 96 88  255 255 255  255 255 255  255 255 255  255 255 255  255 255 255  255 255 255  255 255 255
255 255 255  255 255 255  255 255 255  255 255 255  255 255 255  255 255 255  255 255 255  255 255 255  255 255 255  255 255 255  255 255 255  96 96 88  192 168 40  192 168 40  192 168 40  112 112 200  112 112 200  96 96 88  255 255 255  255 255 255  255 255 255  255 255 255  255 255 255  255 255 255
255 255 255  255 255 255  255 255 255  255 255 255  255 255 255  255 255 255  255 255 255  255 255 255  255 255 255  255 255 255  255 255 255  255 255 255  96 96 88  96 96 88  96 96 88  96 96 88  96 96 88  255 255 255  255 255 255  255 255 255  255 255 255  255 255 255  255 255 255  255 255 255
