18
18
255 255 255  255 255 255  255 255 255  255 255 255  255 255 255  64 64 64  64 64 64  64 64 64  64 64 64  255 255 255  255 255 255  255 255 255  255 255 255  255 255 255  255 255 255  255 255 255  255 255 255  255 255 255
255 255 255  255 255 255  255 255 255  255 255 255  64 64 64  248 176 160  248 176 160  248 176 160  248 176 160  64 64 64  255 255 255  255 255 255  255 255 255  255 255 255  255 255 255  64 64 64  64 64 64  255 255 255
255 255 255  255 255 255  255 255 255  64 64 64  248 176 160  248 176 160  248 176 160  248 176 160  248 176 160  248 176 160  64 64 64  255 255 255  255 255 255  255 255 255  64 64 64  248 248 248  248 248 248  64 64 64
255 255 255  255 255 255  255 255 255  64 64 64  248 176 160  248 176 160  248 176 160  248 176 160  232 112 152  232 112 152  232 112 152  64 64 64  255 255 255  255 255 255  64 64 64  160 192 248  248 248 248  64 64 64
255 255 255  255 255 255  64 64 64  248 176 160  248 176 160  248 176 160  248 176 160  248 248 248  248 248 248  248 248 248  232 112 152  64 64 64  255 255 255  255 255 255  64 64 64  160 192 248  96 72 200  64 64 64
255 255 255  64 64 64  160 192 248  160 192 248  248 176 160  248 176 160  232 112 152  248 248 248  64 64 64  184 184 184  232 112 152  64 64 64  255 255 255  64 64 64  160 192 248  160 192 248  96 72 200  64 64 64
64 64 64  160 192 248  160 192 248  160 192 248  160 192 248  232 112 152  232 112 152  184 184 184  184 184 184  232 112 152  64 64 64  248 176 160  64 64 64  64 64 64  160 192 248  136 120 248  64 64 64  255 255 255
64 64 64  96 72 200  160 192 248  160 192 248  96 72 200  96 72 200  232 112 152  232 112 152  64 64 64  64 64 64  232 112 152  248 176 160  248 176 160  64 64 64  160 192 248  96 72 200  64 64 64  255 255 255
255 255 255  64 64 64  96 72 200  96 72 200  96 72 200  64 64 64  64 64 64  64 64 64  232 112 152  232 112 152  232 112 152  232 112 152  248 176 160  232 112 152  64 64 64  96 72 200  64 64 64  255 255 255
255 255 255  64 64 64  64 64 64  64 64 64  64 64 64  96 72 200  96 72 200  232 112 152  232 112 152  232 112 152  232 112 152  232 112 152  232 112 152  232 112 152  64 64 64  96 72 200  64 64 64  255 255 255
64 64 64  160 192 248  64 64 64  136 120 248  136 120 248  96 72 200  96 72 200  232 112 152  232 112 152  232 112 152  232 112 152  232 112 152  232 112 152  232 112 152  64 64 64  96 72 200  64 64 64  255 255 255
64 64 64  160 192 248  160 192 248  96 96 88  160 192 248  160 192 248  160 192 248  136 120 248  232 112 152  232 112 152  232 112 152  232 112 152  64 64 64  64 64 64  64 64 64  64 64 64  255 255 255  255 255 255
255 255 255  64 64 64  64 64 64  255 255 255  96 96 88  96 96 88  160 192 248  160 192 248  136 120 248  232 112 152  232 112 152  96 96 88  160 192 248  96 72 200  96 72 200  96 96 88  255 255 255  255 255 255
255 255 255  255 255 255  255 255 255  255 255 255  255 255 255  255 255 255  96 96 88  96 96 88  96 96 88  96 96 88  96 96 88  160 192 248  160 192 248  160 192 248  96 72 200  96 72 200  96 96 88  255 255 255
255 255 255  255 255 255  255 255 255  255 255 255  255 255 255  255 255 255  255 255 255  255 255 255  255 255 255  96 96 88  160 192 248  160 192 248  160 192 248  136 120 248  96 72 200  96 72 200  96 96 88  255 255 255
255 255 255  255 255 255  255 255 255  255 255 255  255 255 255  255 255 255  255 255 255  255 255 255  255 255 255  96 96 88  160 192 248  160 192 248  160 192 248  96 72 200  96 72 200  96 96 88  255 255 255  255 255 255
255 255 255  255 255 255  255 255 255  255 255 255  255 255 255  255 255 255  255 255 255  255 255 255  255 255 255  255 255 255  96 96 88  160 192 248  136 120 248  96 96 88  96 96 88  255 255 255  255 255 255  255 255 255
255 255 255  255 255 255  255 255 255  255 255 255  255 255 255  255 255 255  255 255 255  255 255 255  255 255 255  255 255 255  255 255 255  96 96 88  96 96 88  255 255 255  255 255 255  255 255 255  255 255 255  255 255 255
