18
21
255 255 255  255 255 255  255 255 255  255 255 255  255 255 255  255 255 255  255 255 255  255 255 255  64 64 64  255 255 255  255 255 255  255 255 255  255 255 255  64 64 64  255 255 255  255 255 255  255 255 255  255 255 255  255 255 255  255 255 255  255 255 255
255 255 255  255 255 255  255 255 255  255 255 255  255 255 255  255 255 255  255 255 255  64 64 64  248 248 248  64 64 64  255 255 255  255 255 255  64 64 64  184 160 64  64 64 64  255 255 255  255 255 255  255 255 255  255 255 255  255 255 255  255 255 255
255 255 255  255 255 255  255 255 255  255 255 255  255 255 255  255 255 255  255 255 255  64 64 64  240 240 40  184 160 64  64 64 64  64 64 64  64 64 64  64 64 64  64 64 64  255 255 255  255 255 255  255 255 255  255 255 255  255 255 255  255 255 255
255 255 255  255 255 255  255 255 255  255 255 255  255 255 255  255 255 255  64 64 64  64 64 64  240 240 40  240 240 40  96 96 88  240 240 40  240 240 40  184 160 64  64 64 64  64 64 64  255 255 255  255 255 255  255 255 255  255 255 255  255 255 255
255 255 255  255 255 255  255 255 255  255 255 255  255 255 255  64 64 64  184 160 64  184 160 64  96 96 88  96 96 88  184 160 64  240 240 40  240 240 40  240 240 40  184 160 64  184 160 64  64 64 64  255 255 255  255 255 255  255 255 255  255 255 255
255 255 255  255 255 255  255 255 255  255 255 255  64 64 64  184 160 64  240 240 40  240 240 40  240 240 40  240 240 40  240 240 40  184 160 64  184 160 64  240 240 40  184 160 64  96 96 88  96 96 88  64 64 64  255 255 255  255 255 255  255 255 255
255 255 255  255 255 255  255 255 255  255 255 255  64 64 64  240 240 40  96 96 88  96 96 88  240 240 40  240 240 40  240 240 40  240 240 40  240 240 40  184 160 64  64 64 64  184 160 64  184 160 64  64 64 64  255 255 255  255 255 255  255 255 255
255 255 255  255 255 255  255 255 255  64 64 64  184 160 64  184 160 64  96 96 88  248 248 248  96 96 88  184 160 64  184 160 64  240 240 40  240 240 40  64 64 64  184 160 64  184 160 64  184 160 64  184 160 64  64 64 64  255 255 255  255 255 255
255 255 255  255 255 255  255 255 255  64 64 64  240 240 40  240 240 40  96 96 88  240 240 40  240 240 40  96 96 88  240 240 40  184 160 64  184 160 64  64 64 64  184 160 64  96 96 88  96 96 88  184 160 64  64 64 64  255 255 255  255 255 255
255 255 255  255 255 255  64 64 64  64 64 64  184 160 64  184 160 64  96 96 88  240 240 40  240 240 40  96 96 88  240 240 40  240 240 40  184 160 64  64 64 64  184 160 64  96 96 88  184 160 64  96 96 88  64 64 64  255 255 255  255 255 255
255 255 255  64 64 64  64 64 64  240 240 40  240 240 40  240 240 40  184 160 64  96 96 88  96 96 88  184 160 64  184 160 64  184 160 64  64 64 64  184 160 64  96 96 88  184 160 64  184 160 64  96 96 88  64 64 64  96 96 88  255 255 255
64 64 64  136 120 248  136 120 248  64 64 64  64 64 64  240 240 40  240 240 40  240 240 40  240 240 40  240 240 40  240 240 40  184 160 64  64 64 64  184 160 64  96 96 88  184 160 64  96 96 88  184 160 64  64 64 64  160 192 248  96 96 88
255 255 255  64 64 64  64 64 64  64 64 64  240 240 40  64 64 64  184 160 64  64 64 64  64 64 64  184 160 64  64 64 64  64 64 64  136 120 248  64 64 64  64 64 64  184 160 64  184 160 64  96 96 88  136 120 248  96 96 88  255 255 255
255 255 255  255 255 255  96 96 88  160 192 248  240 240 40  64 64 64  240 240 40  136 120 248  240 240 40  64 64 64  240 240 40  136 120 248  136 120 248  136 120 248  136 120 248  64 64 64  96 96 88  96 96 88  96 96 88  255 255 255  255 255 255
255 255 255  255 255 255  255 255 255  96 96 88  136 120 248  136 120 248  136 120 248  136 120 248  240 240 40  64 64 64  240 240 40  136 120 248  136 120 248  136 120 248  96 96 88  96 96 88  136 120 248  96 96 88  96 96 88  255 255 255  255 255 255
255 255 255  255 255 255  255 255 255  96 96 88  136 120 248  136 120 248  240 240 40  64 64 64  184 160 64  136 120 248  136 120 248  136 120 248  96 96 88  96 96 88  136 120 248  136 120 248  96 96 88  136 120 248  96 96 88  255 255 255  255 255 255
255 255 255  255 255 255  255 255 255  255 255 255  96 96 88  96 96 88  184 160 64  64 64 64  240 240 40  136 120 248  136 120 248  136 120 248  136 120 248  96 96 88  96 96 88  96 96 88  96 96 88  160 192 248  96 96 88  255 255 255  255 255 255
255 255 255  255 255 255  255 255 255  255 255 255  255 255 255  255 255 255  96 96 88  96 96 88  96 96 88  96 96 88  96 96 88  96 96 88  96 96 88  255 255 255  255 255 255  255 255 255  255 255 255  96 96 88  255 255 255  255 255 255  255 255 255
