12
16
255 255 255  255 255 255  255 255 255  255 255 255  255 255 255  255 255 255  255 255 255  64 64 64  64 64 64  64 64 64  255 255 255  255 255 255  255 255 255  255 255 255  255 255 255  255 255 255
255 255 255  255 255 255  255 255 255  255 255 255  64 64 64  64 64 64  64 64 64  176 128 88  232 192 136  232 192 136  64 64 64  64 64 64  255 255 255  255 255 255  255 255 255  255 255 255
255 255 255  255 255 255  64 64 64  64 64 64  232 192 136  232 192 136  176 128 88  232 192 136  232 192 136  64 64 64  176 128 88  176 128 88  64 64 64  64 64 64  255 255 255  255 255 255
255 255 255  64 64 64  232 192 136  232 192 136  232 192 136  176 128 88  232 192 136  232 192 136  64 64 64  176 128 88  176 128 88  176 128 88  176 128 88  176 128 88  64 64 64  255 255 255
255 255 255  64 64 64  232 192 136  232 192 136  232 192 136  232 192 136  232 192 136  232 192 136  64 64 64  176 128 88  176 128 88  176 128 88  176 128 88  176 128 88  176 128 88  64 64 64
64 64 64  232 192 136  232 192 136  64 64 64  232 192 136  232 192 136  232 192 136  232 192 136  232 192 136  176 128 88  176 128 88  176 128 88  176 128 88  176 128 88  176 128 88  64 64 64
64 64 64  232 192 136  232 192 136  232 192 136  232 192 136  232 192 136  232 192 136  232 192 136  64 64 64  232 192 136  176 128 88  176 128 88  176 128 88  176 128 88  176 128 88  64 64 64
255 255 255  64 64 64  232 192 136  232 192 136  232 192 136  232 192 136  232 192 136  232 192 136  232 192 136  232 192 136  176 128 88  176 128 88  176 128 88  176 128 88  64 64 64  255 255 255
255 255 255  64 64 64  64 64 64  64 64 64  232 192 136  232 192 136  232 192 136  232 192 136  232 192 136  176 128 88  176 128 88  176 128 88  64 64 64  64 64 64  64 64 64  255 255 255
255 255 255  96 96 88  192 168 40  192 168 40  96 96 88  96 96 88  96 96 88  96 96 88  96 96 88  96 96 88  96 96 88  96 96 88  192 168 40  192 168 40  96 96 88  255 255 255
255 255 255  255 255 255  96 96 88  96 96 88  96 96 88  255 255 255  255 255 255  96 96 88  192 168 40  192 168 40  192 168 40  96 96 88  96 96 88  96 96 88  255 255 255  255 255 255
255 255 255  255 255 255  255 255 255  255 255 255  255 255 255  255 255 255  255 255 255  255 255 255  96 96 88  96 96 88  96 96 88  255 255 255  255 255 255  255 255 255  255 255 255  255 255 255
