19
25
255 255 255  255 255 255  255 255 255  255 255 255  255 255 255  255 255 255  255 255 255  255 255 255  255 255 255  255 255 255  255 255 255  255 255 255  255 255 255  255 255 255  255 255 255  255 255 255  255 255 255  255 255 255  255 255 255  255 255 255  255 255 255  255 255 255  64 64 64  255 255 255  255 255 255
255 255 255  255 255 255  255 255 255  255 255 255  255 255 255  255 255 255  255 255 255  255 255 255  255 255 255  255 255 255  255 255 255  255 255 255  255 255 255  255 255 255  255 255 255  255 255 255  255 255 255  255 255 255  255 255 255  64 64 64  64 64 64  64 64 64  184 184 184  64 64 64  255 255 255
255 255 255  255 255 255  255 255 255  255 255 255  255 255 255  255 255 255  255 255 255  255 255 255  255 255 255  255 255 255  255 255 255  255 255 255  255 255 255  255 255 255  255 255 255  255 255 255  255 255 255  255 255 255  64 64 64  184 184 184  184 184 184  184 184 184  184 184 184  184 184 184  64 64 64
255 255 255  255 255 255  255 255 255  255 255 255  255 255 255  255 255 255  64 64 64  64 64 64  255 255 255  255 255 255  255 255 255  255 255 255  255 255 255  64 64 64  64 64 64  255 255 255  255 255 255  64 64 64  128 128 112  64 64 64  64 64 64  64 64 64  184 184 184  64 64 64  255 255 255
255 255 255  64 64 64  64 64 64  64 64 64  64 64 64  255 255 255  64 64 64  184 184 184  64 64 64  255 255 255  255 255 255  255 255 255  64 64 64  184 184 184  64 64 64  64 64 64  64 64 64  128 128 112  64 64 64  255 255 255  255 255 255  255 255 255  64 64 64  255 255 255  255 255 255
64 64 64  184 184 184  184 184 184  128 128 112  128 128 112  64 64 64  64 64 64  184 184 184  184 184 184  64 64 64  64 64 64  64 64 64  184 184 184  184 184 184  64 64 64  184 184 184  64 64 64  128 128 112  64 64 64  255 255 255  255 255 255  255 255 255  255 255 255  255 255 255  255 255 255
64 64 64  184 184 184  128 128 112  184 184 184  184 184 184  184 184 184  64 64 64  184 184 184  184 184 184  184 184 184  184 184 184  184 184 184  184 184 184  128 128 112  64 64 64  184 184 184  184 184 184  64 64 64  255 255 255  255 255 255  255 255 255  255 255 255  255 255 255  255 255 255  255 255 255
255 255 255  64 64 64  184 184 184  184 184 184  184 184 184  64 64 64  184 184 184  184 184 184  184 184 184  184 184 184  184 184 184  184 184 184  128 128 112  64 64 64  184 184 184  184 184 184  184 184 184  64 64 64  255 255 255  255 255 255  255 255 255  255 255 255  255 255 255  255 255 255  255 255 255
255 255 255  255 255 255  64 64 64  184 184 184  184 184 184  64 64 64  184 184 184  184 184 184  184 184 184  184 184 184  64 64 64  128 128 112  128 128 112  64 64 64  184 184 184  184 184 184  64 64 64  64 64 64  64 64 64  64 64 64  64 64 64  255 255 255  255 255 255  255 255 255  255 255 255
255 255 255  255 255 255  255 255 255  184 184 184  64 64 64  184 184 184  184 184 184  184 184 184  184 184 184  64 64 64  248 248 248  128 128 112  128 128 112  128 128 112  64 64 64  184 184 184  184 184 184  184 184 184  184 184 184  184 184 184  184 184 184  64 64 64  64 64 64  255 255 255  255 255 255
255 255 255  255 255 255  255 255 255  64 64 64  184 184 184  184 184 184  184 184 184  184 184 184  64 64 64  208 96 64  248 248 248  128 128 112  128 128 112  128 128 112  64 64 64  184 184 184  184 184 184  64 64 64  184 184 184  184 184 184  184 184 184  184 184 184  184 184 184  64 64 64  255 255 255
255 255 255  255 255 255  255 255 255  64 64 64  184 184 184  184 184 184  184 184 184  128 128 112  128 128 112  128 128 112  128 128 112  128 128 112  128 128 112  64 64 64  128 128 112  128 128 112  64 64 64  184 184 184  184 184 184  184 184 184  184 184 184  184 184 184  184 184 184  184 184 184  96 96 88
255 255 255  255 255 255  255 255 255  64 64 64  128 128 112  184 184 184  64 64 64  128 128 112  128 128 112  64 64 64  64 64 64  128 128 112  64 64 64  128 128 112  96 96 88  128 128 112  64 64 64  128 128 112  128 128 112  184 184 184  184 184 184  184 184 184  184 184 184  184 184 184  96 96 88
255 255 255  255 255 255  255 255 255  255 255 255  96 96 88  128 128 112  128 128 112  96 96 88  96 96 88  208 96 64  208 96 64  128 128 112  96 96 88  128 128 112  128 128 112  96 96 88  184 184 184  128 128 112  184 184 184  96 96 88  96 96 88  96 96 88  96 96 88  96 96 88  255 255 255
255 255 255  255 255 255  255 255 255  255 255 255  255 255 255  96 96 88  96 96 88  208 96 64  208 96 64  208 96 64  208 96 64  128 128 112  96 96 88  96 96 88  96 96 88  96 96 88  128 128 112  96 96 88  128 128 112  96 96 88  255 255 255  255 255 255  255 255 255  255 255 255  255 255 255
255 255 255  255 255 255  255 255 255  255 255 255  255 255 255  255 255 255  255 255 255  208 96 64  208 96 64  208 96 64  184 184 184  96 96 88  255 255 255  255 255 255  255 255 255  255 255 255  96 96 88  255 255 255  96 96 88  255 255 255  255 255 255  255 255 255  255 255 255  255 255 255  255 255 255
255 255 255  255 255 255  255 255 255  255 255 255  255 255 255  255 255 255  184 184 184  208 96 64  208 96 64  208 96 64  184 184 184  96 96 88  255 255 255  255 255 255  255 255 255  255 255 255  255 255 255  255 255 255  255 255 255  255 255 255  255 255 255  255 255 255  255 255 255  255 255 255  255 255 255
255 255 255  255 255 255  255 255 255  255 255 255  255 255 255  255 255 255  96 96 88  184 184 184  184 184 184  184 184 184  96 96 88  255 255 255  255 255 255  255 255 255  255 255 255  255 255 255  255 255 255  255 255 255  255 255 255  255 255 255  255 255 255  255 255 255  255 255 255  255 255 255  255 255 255
255 255 255  255 255 255  255 255 255  255 255 255  255 255 255  255 255 255  255 255 255  96 96 88  96 96 88  96 96 88  255 255 255  255 255 255  255 255 255  255 255 255  255 255 255  255 255 255  255 255 255  255 255 255  255 255 255  255 255 255  255 255 255  255 255 255  255 255 255  255 255 255  255 255 255
