21
24
255 255 255  255 255 255  255 255 255  255 255 255  255 255 255  255 255 255  255 255 255  255 255 255  255 255 255  255 255 255  255 255 255  255 255 255  255 255 255  255 255 255  112 112 112  112 112 112  255 255 255  255 255 255  255 255 255  255 255 255  255 255 255  255 255 255  255 255 255  255 255 255
255 255 255  255 255 255  255 255 255  255 255 255  255 255 255  255 255 255  255 255 255  255 255 255  255 255 255  255 255 255  255 255 255  255 255 255  255 255 255  112 112 112  184 184 184  64 64 64  255 255 255  255 255 255  255 255 255  255 255 255  255 255 255  255 255 255  255 255 255  255 255 255
255 255 255  255 255 255  255 255 255  255 255 255  255 255 255  255 255 255  255 255 255  255 255 255  255 255 255  255 255 255  255 255 255  255 255 255  112 112 112  184 184 184  184 184 184  64 64 64  64 64 64  64 64 64  255 255 255  255 255 255  255 255 255  64 64 64  64 64 64  255 255 255
255 255 255  255 255 255  255 255 255  255 255 255  255 255 255  255 255 255  255 255 255  255 255 255  255 255 255  255 255 255  255 255 255  255 255 255  64 64 64  240 240 168  240 240 168  184 184 184  184 184 184  184 184 184  64 64 64  64 64 64  64 64 64  184 184 184  184 184 184  64 64 64
255 255 255  255 255 255  255 255 255  255 255 255  255 255 255  255 255 255  255 255 255  64 64 64  64 64 64  255 255 255  255 255 255  64 64 64  240 240 168  64 64 64  64 64 64  240 240 168  240 240 168  240 240 168  184 184 184  112 112 112  184 184 184  184 184 184  112 112 112  64 64 64
255 255 255  255 255 255  255 255 255  255 255 255  255 255 255  255 255 255  64 64 64  112 112 112  248 248 248  64 64 64  64 64 64  64 64 64  240 240 168  240 240 168  240 240 168  240 240 168  240 240 168  64 64 64  64 64 64  208 208 104  112 112 112  112 112 112  112 112 112  64 64 64
255 255 255  255 255 255  255 255 255  255 255 255  255 255 255  64 64 64  112 112 112  248 248 248  64 64 64  240 240 168  240 240 168  240 240 168  64 64 64  64 64 64  240 240 168  240 240 168  240 240 168  240 240 168  208 208 104  208 208 104  112 112 112  112 112 112  64 64 64  255 255 255
255 255 255  255 255 255  255 255 255  255 255 255  255 255 255  64 64 64  64 64 64  64 64 64  240 240 168  240 240 168  240 240 168  240 240 168  240 240 168  240 240 168  64 64 64  240 240 168  64 64 64  64 64 64  208 208 104  112 112 112  112 112 112  112 112 112  64 64 64  255 255 255
255 255 255  255 255 255  255 255 255  255 255 255  64 64 64  240 240 168  240 240 168  240 240 168  240 240 168  240 240 168  240 240 168  240 240 168  240 240 168  240 240 168  208 208 104  64 64 64  248 248 248  112 112 112  112 112 112  112 112 112  112 112 112  112 112 112  64 64 64  255 255 255
255 255 255  255 255 255  255 255 255  255 255 255  64 64 64  240 240 168  240 240 168  240 240 168  240 240 168  240 240 168  240 240 168  240 240 168  240 240 168  240 240 168  64 64 64  248 248 248  112 112 112  112 112 112  64 64 64  64 64 64  112 112 112  64 64 64  255 255 255  255 255 255
255 255 255  255 255 255  255 255 255  64 64 64  240 240 168  240 240 168  240 240 168  240 240 168  240 240 168  240 240 168  240 240 168  240 240 168  240 240 168  240 240 168  64 64 64  112 112 112  112 112 112  112 112 112  112 112 112  112 112 112  112 112 112  64 64 64  255 255 255  255 255 255
255 255 255  64 64 64  64 64 64  64 64 64  208 208 104  240 240 168  240 240 168  240 240 168  240 240 168  240 240 168  240 240 168  240 240 168  240 240 168  240 240 168  208 208 104  64 64 64  112 112 112  112 112 112  112 112 112  112 112 112  112 112 112  64 64 64  255 255 255  255 255 255
64 64 64  248 248 248  112 112 112  248 248 248  64 64 64  208 208 104  208 208 104  240 240 168  240 240 168  240 240 168  240 240 168  240 240 168  208 208 104  208 208 104  208 208 104  208 208 104  64 64 64  112 112 112  112 112 112  112 112 112  112 112 112  64 64 64  255 255 255  255 255 255
96 96 88  184 160 88  208 208 104  208 208 104  64 64 64  208 208 104  208 208 104  208 208 104  208 208 104  208 208 104  64 64 64  64 64 64  64 64 64  208 208 104  208 208 104  208 208 104  64 64 64  112 112 112  112 112 112  112 112 112  112 112 112  64 64 64  255 255 255  255 255 255
96 96 88  184 160 88  184 160 88  208 208 104  208 208 104  112 112 112  208 208 104  208 208 104  208 208 104  64 64 64  248 248 248  112 112 112  248 248 248  64 64 64  208 208 104  112 112 112  112 112 112  112 112 112  112 112 112  112 112 112  64 64 64  255 255 255  255 255 255  255 255 255
96 96 88  184 160 88  184 160 88  208 208 104  208 208 104  112 112 112  112 112 112  112 112 112  96 96 88  240 240 168  208 208 104  208 208 104  112 112 112  248 248 248  96 96 88  112 112 112  112 112 112  112 112 112  112 112 112  112 112 112  96 96 88  255 255 255  255 255 255  255 255 255
255 255 255  96 96 88  208 208 104  208 208 104  208 208 104  112 112 112  112 112 112  112 112 112  96 96 88  208 208 104  184 160 88  184 160 88  208 208 104  208 208 104  96 96 88  112 112 112  112 112 112  112 112 112  112 112 112  96 96 88  255 255 255  255 255 255  255 255 255  255 255 255
255 255 255  255 255 255  96 96 88  96 96 88  96 96 88  96 96 88  112 112 112  112 112 112  96 96 88  208 208 104  184 160 88  184 160 88  208 208 104  208 208 104  96 96 88  112 112 112  112 112 112  112 112 112  96 96 88  255 255 255  255 255 255  255 255 255  255 255 255  255 255 255
255 255 255  255 255 255  255 255 255  255 255 255  255 255 255  255 255 255  255 255 255  96 96 88  96 96 88  208 208 104  184 160 88  184 160 88  208 208 104  208 208 104  96 96 88  112 112 112  96 96 88  96 96 88  255 255 255  255 255 255  255 255 255  255 255 255  255 255 255  255 255 255
255 255 255  255 255 255  255 255 255  255 255 255  255 255 255  255 255 255  255 255 255  255 255 255  96 96 88  96 96 88  208 208 104  208 208 104  208 208 104  96 96 88  96 96 88  96 96 88  255 255 255  255 255 255  255 255 255  255 255 255  255 255 255  255 255 255  255 255 255  255 255 255
255 255 255  255 255 255  255 255 255  255 255 255  255 255 255  255 255 255  255 255 255  255 255 255  255 255 255  255 255 255  96 96 88  96 96 88  96 96 88  255 255 255  255 255 255  255 255 255  255 255 255  255 255 255  255 255 255  255 255 255  255 255 255  255 255 255  255 255 255  255 255 255
