20
25
255 255 255  255 255 255  255 255 255  255 255 255  255 255 255  255 255 255  64 64 64  255 255 255  255 255 255  255 255 255  255 255 255  255 255 255  255 255 255  255 255 255  255 255 255  255 255 255  255 255 255  255 255 255  255 255 255  255 255 255  255 255 255  255 255 255  255 255 255  255 255 255  255 255 255
255 255 255  255 255 255  255 255 255  64 64 64  64 64 64  255 255 255  64 64 64  255 255 255  255 255 255  255 255 255  255 255 255  255 255 255  255 255 255  64 64 64  255 255 255  255 255 255  255 255 255  255 255 255  255 255 255  255 255 255  255 255 255  255 255 255  255 255 255  255 255 255  255 255 255
255 255 255  255 255 255  64 64 64  176 128 88  176 128 88  64 64 64  255 255 255  64 64 64  255 255 255  255 255 255  255 255 255  255 255 255  255 255 255  64 64 64  255 255 255  255 255 255  255 255 255  64 64 64  64 64 64  255 255 255  255 255 255  255 255 255  255 255 255  255 255 255  255 255 255
255 255 255  255 255 255  64 64 64  176 128 88  176 128 88  176 128 88  64 64 64  64 64 64  64 64 64  64 64 64  64 64 64  64 64 64  64 64 64  255 255 255  255 255 255  255 255 255  64 64 64  176 128 88  176 128 88  64 64 64  255 255 255  255 255 255  255 255 255  255 255 255  255 255 255
255 255 255  64 64 64  176 128 88  112 112 200  176 128 88  64 64 64  232 192 136  232 192 136  232 192 136  64 64 64  176 128 88  64 64 64  255 255 255  255 255 255  255 255 255  255 255 255  64 64 64  176 128 88  112 112 200  176 128 88  64 64 64  255 255 255  255 255 255  255 255 255  255 255 255
255 255 255  64 64 64  176 128 88  112 112 200  64 64 64  232 192 136  232 192 136  232 192 136  64 64 64  232 192 136  176 128 88  176 128 88  64 64 64  255 255 255  255 255 255  64 64 64  176 128 88  176 128 88  112 112 200  176 128 88  232 192 136  64 64 64  255 255 255  255 255 255  255 255 255
64 64 64  176 128 88  176 128 88  112 112 200  64 64 64  232 192 136  232 192 136  232 192 136  232 192 136  232 192 136  176 128 88  176 128 88  176 128 88  64 64 64  255 255 255  64 64 64  176 128 88  112 112 200  112 112 200  160 168 240  176 128 88  232 192 136  64 64 64  255 255 255  255 255 255
64 64 64  64 64 64  64 64 64  64 64 64  232 192 136  232 192 136  232 192 136  248 248 248  64 64 64  248 248 248  176 128 88  176 128 88  176 128 88  64 64 64  64 64 64  64 64 64  112 112 200  112 112 200  64 64 64  160 168 240  176 128 88  232 192 136  64 64 64  255 255 255  255 255 255
255 255 255  64 64 64  64 64 64  232 192 136  232 192 136  232 192 136  232 192 136  64 64 64  64 64 64  248 248 248  176 128 88  176 128 88  176 128 88  176 128 88  176 128 88  176 128 88  64 64 64  64 64 64  255 255 255  64 64 64  64 64 64  176 128 88  64 64 64  255 255 255  255 255 255
64 64 64  232 192 136  64 64 64  232 192 136  232 192 136  232 192 136  232 192 136  64 64 64  96 96 88  176 128 88  176 128 88  176 128 88  176 128 88  176 128 88  176 128 88  176 128 88  176 128 88  176 128 88  64 64 64  255 255 255  255 255 255  64 64 64  255 255 255  255 255 255  255 255 255
64 64 64  232 192 136  64 64 64  176 128 88  232 192 136  232 192 136  232 192 136  176 128 88  176 128 88  176 128 88  176 128 88  176 128 88  64 64 64  176 128 88  176 128 88  176 128 88  176 128 88  176 128 88  176 128 88  64 64 64  255 255 255  255 255 255  255 255 255  255 255 255  255 255 255
64 64 64  248 248 248  232 192 136  64 64 64  176 128 88  176 128 88  176 128 88  176 128 88  176 128 88  64 64 64  176 128 88  176 128 88  176 128 88  64 64 64  232 192 136  232 192 136  176 128 88  176 128 88  184 184 176  64 64 64  64 64 64  64 64 64  64 64 64  64 64 64  255 255 255
255 255 255  64 64 64  248 248 248  176 128 88  64 64 64  64 64 64  64 64 64  64 64 64  64 64 64  192 168 40  176 128 88  176 128 88  176 128 88  176 128 88  64 64 64  232 192 136  232 192 136  184 184 176  64 64 64  232 192 136  232 192 136  232 192 136  176 128 88  176 128 88  64 64 64
255 255 255  255 255 255  64 64 64  64 64 64  64 64 64  64 64 64  64 64 64  192 168 40  192 168 40  192 168 40  192 168 40  176 128 88  176 128 88  176 128 88  176 128 88  64 64 64  64 64 64  64 64 64  176 128 88  176 128 88  232 192 136  176 128 88  64 64 64  64 64 64  64 64 64
255 255 255  255 255 255  255 255 255  255 255 255  255 255 255  64 64 64  176 128 88  64 64 64  240 240 40  240 240 40  192 168 40  192 168 40  64 64 64  232 192 136  232 192 136  176 128 88  176 128 88  64 64 64  192 168 40  64 64 64  64 64 64  64 64 64  255 255 255  255 255 255  255 255 255
255 255 255  255 255 255  255 255 255  255 255 255  255 255 255  96 96 88  184 184 176  176 128 88  96 96 88  240 240 40  240 240 40  192 168 40  96 96 88  232 192 136  176 128 88  176 128 88  176 128 88  96 96 88  96 96 88  255 255 255  255 255 255  255 255 255  255 255 255  255 255 255  255 255 255
255 255 255  255 255 255  255 255 255  255 255 255  255 255 255  255 255 255  96 96 88  184 184 176  176 128 88  96 96 88  96 96 88  96 96 88  96 96 88  176 128 88  176 128 88  176 128 88  176 128 88  96 96 88  255 255 255  255 255 255  255 255 255  255 255 255  255 255 255  255 255 255  255 255 255
255 255 255  255 255 255  255 255 255  255 255 255  255 255 255  255 255 255  255 255 255  96 96 88  96 96 88  255 255 255  255 255 255  255 255 255  255 255 255  96 96 88  96 96 88  96 96 88  96 96 88  176 128 88  96 96 88  255 255 255  255 255 255  255 255 255  255 255 255  255 255 255  255 255 255
255 255 255  255 255 255  255 255 255  255 255 255  255 255 255  255 255 255  255 255 255  255 255 255  255 255 255  255 255 255  255 255 255  255 255 255  255 255 255  255 255 255  96 96 88  184 184 176  176 128 88  184 184 176  96 96 88  255 255 255  255 255 255  255 255 255  255 255 255  255 255 255  255 255 255
255 255 255  255 255 255  255 255 255  255 255 255  255 255 255  255 255 255  255 255 255  255 255 255  255 255 255  255 255 255  255 255 255  255 255 255  255 255 255  255 255 255  255 255 255  96 96 88  96 96 88  96 96 88  255 255 255  255 255 255  255 255 255  255 255 255  255 255 255  255 255 255  255 255 255
