20
22
255 255 255  255 255 255  255 255 255  255 255 255  255 255 255  64 64 64  64 64 64  255 255 255  255 255 255  255 255 255  255 255 255  64 64 64  64 64 64  255 255 255  255 255 255  255 255 255  255 255 255  255 255 255  255 255 255  255 255 255  255 255 255  255 255 255
255 255 255  255 255 255  255 255 255  255 255 255  64 64 64  248 248 248  64 64 64  64 64 64  64 64 64  64 64 64  64 64 64  248 248 248  192 160 200  64 64 64  255 255 255  255 255 255  255 255 255  255 255 255  255 255 255  255 255 255  255 255 255  255 255 255
255 255 255  255 255 255  255 255 255  255 255 255  64 64 64  64 64 64  248 248 248  248 248 248  192 160 200  64 64 64  248 248 248  192 160 200  192 160 200  64 64 64  255 255 255  255 255 255  255 255 255  255 255 255  255 255 255  255 255 255  255 255 255  255 255 255
255 255 255  255 255 255  255 255 255  255 255 255  64 64 64  248 248 248  248 248 248  192 160 200  192 160 200  192 160 200  192 160 200  192 160 200  64 64 64  255 255 255  255 255 255  255 255 255  255 255 255  255 255 255  64 64 64  64 64 64  64 64 64  255 255 255
255 255 255  255 255 255  255 255 255  255 255 255  64 64 64  248 248 248  248 248 248  192 160 200  192 160 200  192 160 200  192 160 200  192 160 200  64 64 64  255 255 255  255 255 255  255 255 255  255 255 255  64 64 64  248 248 248  192 160 200  184 40 152  64 64 64
255 255 255  255 255 255  255 255 255  64 64 64  248 248 248  248 248 248  192 160 200  192 160 200  192 160 200  64 64 64  192 160 200  192 160 200  64 64 64  255 255 255  255 255 255  255 255 255  64 64 64  248 248 248  192 160 200  184 40 152  184 40 152  64 64 64
255 255 255  255 255 255  64 64 64  248 248 248  248 248 248  248 248 248  192 160 200  192 160 200  64 64 64  248 248 248  192 160 200  192 160 200  64 64 64  255 255 255  255 255 255  255 255 255  64 64 64  192 160 200  184 40 152  184 40 152  64 64 64  255 255 255
255 255 255  255 255 255  64 64 64  248 248 248  248 248 248  192 160 200  192 160 200  64 64 64  184 40 152  192 160 200  192 160 200  64 64 64  255 255 255  255 255 255  255 255 255  64 64 64  184 40 152  184 40 152  64 64 64  64 64 64  255 255 255  255 255 255
255 255 255  255 255 255  255 255 255  64 64 64  192 160 200  192 160 200  192 160 200  192 160 200  64 64 64  64 64 64  64 64 64  192 160 200  64 64 64  64 64 64  255 255 255  64 64 64  184 40 152  64 64 64  255 255 255  255 255 255  255 255 255  255 255 255
255 255 255  64 64 64  64 64 64  192 160 200  64 64 64  64 64 64  64 64 64  64 64 64  192 160 200  192 160 200  64 64 64  192 160 200  192 160 200  192 160 200  64 64 64  64 64 64  184 40 152  64 64 64  255 255 255  255 255 255  255 255 255  255 255 255
64 64 64  248 248 248  192 160 200  192 160 200  64 64 64  64 64 64  192 160 200  192 160 200  192 160 200  192 160 200  192 160 200  64 64 64  64 64 64  64 64 64  192 160 200  192 160 200  64 64 64  64 64 64  255 255 255  255 255 255  255 255 255  255 255 255
64 64 64  192 160 200  192 160 200  64 64 64  120 120 120  64 64 64  192 160 200  64 64 64  64 64 64  64 64 64  192 160 200  64 64 64  192 160 200  192 160 200  64 64 64  192 160 200  192 160 200  192 160 200  64 64 64  255 255 255  255 255 255  255 255 255
255 255 255  64 64 64  64 64 64  255 255 255  64 64 64  120 120 120  64 64 64  192 160 200  184 40 152  184 40 152  64 64 64  192 160 200  192 160 200  192 160 200  192 160 200  64 64 64  192 160 200  192 160 200  64 64 64  255 255 255  255 255 255  255 255 255
255 255 255  255 255 255  255 255 255  255 255 255  64 64 64  64 64 64  64 64 64  184 40 152  184 40 152  184 40 152  64 64 64  192 160 200  192 160 200  192 160 200  192 160 200  64 64 64  64 64 64  64 64 64  255 255 255  255 255 255  255 255 255  255 255 255
255 255 255  255 255 255  255 255 255  96 96 88  120 120 120  120 120 120  120 120 120  96 96 88  184 40 152  184 40 152  184 40 152  96 96 88  192 160 200  192 160 200  192 160 200  96 96 88  255 255 255  255 255 255  255 255 255  255 255 255  255 255 255  255 255 255
255 255 255  255 255 255  96 96 88  120 120 120  120 120 120  120 120 120  96 96 88  255 255 255  96 96 88  96 96 88  96 96 88  96 96 88  96 96 88  192 160 200  96 96 88  255 255 255  255 255 255  255 255 255  255 255 255  255 255 255  255 255 255  255 255 255
255 255 255  255 255 255  255 255 255  96 96 88  96 96 88  96 96 88  255 255 255  255 255 255  255 255 255  255 255 255  255 255 255  255 255 255  96 96 88  192 160 200  192 160 200  96 96 88  255 255 255  255 255 255  255 255 255  255 255 255  255 255 255  255 255 255
255 255 255  255 255 255  255 255 255  255 255 255  255 255 255  255 255 255  255 255 255  255 255 255  255 255 255  255 255 255  255 255 255  96 96 88  192 160 200  192 160 200  192 160 200  192 160 200  96 96 88  255 255 255  255 255 255  255 255 255  255 255 255  255 255 255
255 255 255  255 255 255  255 255 255  255 255 255  255 255 255  255 255 255  255 255 255  255 255 255  255 255 255  255 255 255  255 255 255  255 255 255  96 96 88  248 248 248  248 248 248  192 160 200  192 160 200  96 96 88  255 255 255  255 255 255  255 255 255  255 255 255
255 255 255  255 255 255  255 255 255  255 255 255  255 255 255  255 255 255  255 255 255  255 255 255  255 255 255  255 255 255  255 255 255  255 255 255  255 255 255  96 96 88  96 96 88  96 96 88  96 96 88  255 255 255  255 255 255  255 255 255  255 255 255  255 255 255
