25
17
255 255 255  255 255 255  255 255 255  255 255 255  255 255 255  192 56 56  192 56 56  192 56 56  192 56 56  192 56 56  192 56 56  192 56 56  255 255 255  255 255 255  255 255 255  255 255 255  255 255 255
255 255 255  255 255 255  255 255 255  192 56 56  192 56 56  240 104 72  240 104 72  240 104 72  240 104 72  240 104 72  240 104 72  240 104 72  192 56 56  192 56 56  255 255 255  255 255 255  255 255 255
255 255 255  255 255 255  120 64 64  240 104 72  240 104 72  240 104 72  240 104 72  240 104 72  240 104 72  240 104 72  240 104 72  240 104 72  240 104 72  240 104 72  120 64 64  255 255 255  255 255 255
255 255 255  120 64 64  192 56 56  240 104 72  240 104 72  192 56 56  192 56 56  192 56 56  192 56 56  192 56 56  192 56 56  192 56 56  240 104 72  240 104 72  240 104 72  0 0 0  255 255 255
120 64 64  192 56 56  192 56 56  192 56 56  192 56 56  240 104 72  240 104 72  240 104 72  240 104 72  240 104 72  240 104 72  240 104 72  192 56 56  192 56 56  192 56 56  192 56 56  0 0 0
0 0 0  192 56 56  192 56 56  240 104 72  240 104 72  240 104 72  240 104 72  240 104 72  240 104 72  240 104 72  240 104 72  240 104 72  240 104 72  240 104 72  192 56 56  192 56 56  0 0 0
0 0 0  192 56 56  192 56 56  192 56 56  240 104 72  240 104 72  240 104 72  240 104 72  240 104 72  240 104 72  240 104 72  240 104 72  240 104 72  192 56 56  192 56 56  192 56 56  0 0 0
255 255 255  0 0 0  192 56 56  192 56 56  192 56 56  192 56 56  192 56 56  192 56 56  192 56 56  192 56 56  192 56 56  192 56 56  192 56 56  192 56 56  192 56 56  0 0 0  255 255 255
255 255 255  0 0 0  192 56 56  192 56 56  192 56 56  192 56 56  192 56 56  192 56 56  192 56 56  192 56 56  192 56 56  192 56 56  192 56 56  192 56 56  192 56 56  0 0 0  255 255 255
0 0 0  216 160 120  120 64 64  192 56 56  192 56 56  192 56 56  192 56 56  192 56 56  192 56 56  192 56 56  192 56 56  192 56 56  192 56 56  192 56 56  120 64 64  216 160 120  0 0 0
0 0 0  216 160 120  120 64 64  56 64 64  120 64 64  192 56 56  192 56 56  192 56 56  192 56 56  192 56 56  192 56 56  192 56 56  120 64 64  56 64 64  120 64 64  216 160 120  0 0 0
255 255 255  0 0 0  0 0 0  72 96 96  56 64 64  56 64 64  56 64 64  56 64 64  56 64 64  56 64 64  56 64 64  56 64 64  56 64 64  72 96 96  0 0 0  0 0 0  255 255 255
255 255 255  255 255 255  0 0 0  216 160 120  72 96 96  72 96 96  56 64 64  56 64 64  56 64 64  56 64 64  56 64 64  72 96 96  72 96 96  216 160 120  0 0 0  255 255 255  255 255 255
255 255 255  255 255 255  0 0 0  120 64 64  216 160 120  0 0 0  0 0 0  72 96 96  72 96 96  72 96 96  0 0 0  0 0 0  216 160 120  0 0 0  255 255 255  255 255 255  255 255 255
255 255 255  120 64 64  232 232 248  200 200 216  248 216 88  200 152 56  192 56 56  0 0 0  0 0 0  0 0 0  192 56 56  200 152 56  0 0 0  255 255 255  255 255 255  255 255 255  255 255 255
0 0 0  216 160 120  232 232 248  232 232 248  200 152 56  200 152 56  120 64 64  120 64 64  120 64 64  120 64 64  120 64 64  200 152 56  232 232 248  0 0 0  255 255 255  255 255 255  255 255 255
0 0 0  216 160 120  216 160 120  56 64 64  120 64 64  248 216 88  248 216 88  120 64 64  248 216 88  248 216 88  120 64 64  168 160 200  216 160 120  72 96 96  0 0 0  255 255 255  255 255 255
255 255 255  0 0 0  0 0 0  0 0 0  200 152 56  248 216 88  120 64 64  120 64 64  120 64 64  248 216 88  200 152 56  0 0 0  200 200 216  200 200 216  0 0 0  255 255 255  255 255 255
255 255 255  255 255 255  255 255 255  0 0 0  200 152 56  200 152 56  120 64 64  200 152 56  120 64 64  200 152 56  200 152 56  0 0 0  0 0 0  248 208 184  248 208 184  0 0 0  255 255 255
255 255 255  255 255 255  255 255 255  56 64 64  200 152 56  200 152 56  120 64 64  200 152 56  120 64 64  200 152 56  200 152 56  0 0 0  0 0 0  248 208 184  248 208 184  0 0 0  255 255 255
255 255 255  255 255 255  255 255 255  0 0 0  0 0 0  200 152 56  120 64 64  120 64 64  120 64 64  200 152 56  56 64 64  96 136 208  0 0 0  0 0 0  0 0 0  255 255 255  255 255 255
255 255 255  255 255 255  255 255 255  0 0 0  96 136 208  96 136 208  56 64 64  56 64 64  0 0 0  0 0 0  0 0 0  0 0 0  255 255 255  255 255 255  255 255 255  255 255 255  255 255 255
255 255 255  255 255 255  255 255 255  255 255 255  0 0 0  96 136 208  96 136 208  56 64 64  255 255 255  255 255 255  255 255 255  255 255 255  255 255 255  255 255 255  255 255 255  255 255 255  255 255 255
255 255 255  255 255 255  255 255 255  255 255 255  0 0 0  192 56 56  192 56 56  0 0 0  255 255 255  255 255 255  255 255 255  255 255 255  255 255 255  255 255 255  255 255 255  255 255 255  255 255 255
255 255 255  255 255 255  255 255 255  255 255 255  255 255 255  0 0 0  0 0 0  255 255 255  255 255 255  255 255 255  255 255 255  255 255 255  255 255 255  255 255 255  255 255 255  255 255 255  255 255 255
