25
17
255 255 255  255 255 255  255 255 255  255 255 255  255 255 255  192 56 56  192 56 56  192 56 56  192 56 56  192 56 56  192 56 56  192 56 56  255 255 255  255 255 255  255 255 255  255 255 255  255 255 255
255 255 255  255 255 255  255 255 255  192 56 56  192 56 56  240 104 72  240 104 72  240 104 72  240 104 72  240 104 72  240 104 72  240 104 72  192 56 56  192 56 56  255 255 255  255 255 255  255 255 255
255 255 255  255 255 255  120 64 64  240 104 72  240 104 72  240 104 72  240 104 72  240 104 72  240 104 72  240 104 72  240 104 72  240 104 72  240 104 72  240 104 72  120 64 64  255 255 255  255 255 255
255 255 255  0 0 0  240 104 72  240 104 72  240 104 72  240 104 72  240 104 72  240 104 72  240 104 72  240 104 72  240 104 72  240 104 72  240 104 72  240 104 72  240 104 72  120 64 64  255 255 255
0 0 0  240 104 72  240 104 72  240 104 72  192 56 56  192 56 56  192 56 56  192 56 56  192 56 56  192 56 56  192 56 56  192 56 56  192 56 56  240 104 72  240 104 72  240 104 72  120 64 64
0 0 0  240 104 72  232 232 248  192 56 56  240 104 72  240 104 72  240 104 72  240 104 72  240 104 72  240 104 72  240 104 72  240 104 72  240 104 72  192 56 56  232 232 248  240 104 72  0 0 0
0 0 0  200 200 216  232 232 248  240 104 72  240 104 72  240 104 72  240 104 72  240 104 72  240 104 72  240 104 72  240 104 72  240 104 72  240 104 72  240 104 72  232 232 248  200 200 216  0 0 0
255 255 255  56 64 64  200 200 216  240 104 72  240 104 72  240 104 72  240 104 72  240 104 72  240 104 72  240 104 72  240 104 72  240 104 72  240 104 72  240 104 72  200 200 216  56 64 64  255 255 255
120 64 64  0 0 0  168 160 200  192 56 56  192 56 56  240 104 72  240 104 72  240 104 72  240 104 72  240 104 72  240 104 72  240 104 72  192 56 56  192 56 56  168 160 200  0 0 0  120 64 64
0 0 0  216 160 120  0 0 0  192 56 56  192 56 56  192 56 56  240 104 72  240 104 72  240 104 72  240 104 72  240 104 72  192 56 56  192 56 56  192 56 56  0 0 0  216 160 120  0 0 0
0 0 0  216 160 120  120 64 64  56 64 64  120 64 64  192 56 56  192 56 56  192 56 56  192 56 56  192 56 56  192 56 56  192 56 56  120 64 64  56 64 64  120 64 64  216 160 120  0 0 0
255 255 255  0 0 0  120 64 64  216 160 120  56 64 64  168 160 200  56 64 64  120 64 64  120 64 64  120 64 64  56 64 64  168 160 200  56 64 64  216 160 120  120 64 64  0 0 0  255 255 255
255 255 255  255 255 255  0 0 0  216 160 120  216 160 120  232 232 248  0 0 0  216 160 120  216 160 120  216 160 120  0 0 0  232 232 248  216 160 120  216 160 120  0 0 0  255 255 255  255 255 255
255 255 255  255 255 255  255 255 255  120 64 64  216 160 120  248 208 184  248 208 184  248 208 184  248 208 184  248 208 184  248 208 184  248 208 184  216 160 120  120 64 64  255 255 255  255 255 255  255 255 255
255 255 255  255 255 255  0 0 0  200 200 216  120 64 64  216 160 120  248 208 184  248 208 184  216 160 120  248 208 184  248 208 184  216 160 120  120 64 64  72 96 96  255 255 255  255 255 255  255 255 255
255 255 255  0 0 0  168 160 200  200 200 216  56 64 64  0 0 0  120 64 64  216 160 120  216 160 120  216 160 120  120 64 64  0 0 0  232 232 248  56 64 64  255 255 255  255 255 255  255 255 255
0 0 0  216 160 120  168 160 200  216 160 120  56 64 64  192 56 56  240 104 72  192 56 56  192 56 56  240 104 72  120 64 64  200 152 56  216 160 120  216 160 120  0 0 0  255 255 255  255 255 255
0 0 0  216 160 120  216 160 120  0 0 0  192 56 56  240 104 72  240 104 72  168 160 200  168 160 200  168 160 200  56 64 64  200 152 56  168 160 200  200 200 216  0 0 0  255 255 255  255 255 255
255 255 255  0 0 0  0 0 0  255 255 255  240 104 72  240 104 72  56 64 64  56 64 64  56 64 64  56 64 64  56 64 64  56 64 64  0 0 0  248 208 184  248 208 184  0 0 0  255 255 255
255 255 255  255 255 255  255 255 255  0 0 0  96 136 208  240 104 72  0 0 0  56 64 64  200 200 216  56 64 64  0 0 0  96 136 208  0 0 0  248 208 184  248 208 184  0 0 0  255 255 255
255 255 255  255 255 255  255 255 255  0 0 0  96 136 208  96 136 208  96 136 208  96 136 208  96 136 208  96 136 208  56 64 64  0 0 0  255 255 255  0 0 0  0 0 0  255 255 255  255 255 255
255 255 255  255 255 255  255 255 255  0 0 0  96 136 208  96 136 208  96 136 208  0 0 0  0 0 0  0 0 0  0 0 0  255 255 255  255 255 255  255 255 255  255 255 255  255 255 255  255 255 255
255 255 255  255 255 255  255 255 255  255 255 255  0 0 0  96 136 208  96 136 208  56 64 64  255 255 255  255 255 255  255 255 255  255 255 255  255 255 255  255 255 255  255 255 255  255 255 255  255 255 255
255 255 255  255 255 255  255 255 255  255 255 255  0 0 0  192 56 56  192 56 56  0 0 0  255 255 255  255 255 255  255 255 255  255 255 255  255 255 255  255 255 255  255 255 255  255 255 255  255 255 255
255 255 255  255 255 255  255 255 255  255 255 255  255 255 255  0 0 0  0 0 0  255 255 255  255 255 255  255 255 255  255 255 255  255 255 255  255 255 255  255 255 255  255 255 255  255 255 255  255 255 255
