20
14
255 255 255  255 255 255  57 56 24  57 56 24  57 56 24  123 113 66  255 255 255  255 255 255  255 255 255  255 255 255  255 255 255  255 255 255  255 255 255  255 255 255
255 255 255  57 56 24  206 170 99  206 170 99  206 170 99  123 113 66  57 56 24  57 56 24  57 56 24  57 56 24  255 255 255  255 255 255  255 255 255  255 255 255
57 56 24  57 56 24  123 113 66  206 170 99  206 170 99  206 170 99  206 170 99  206 170 99  206 170 99  123 113 66  57 56 24  57 56 24  255 255 255  255 255 255
57 56 24  123 113 66  206 170 99  206 170 99  206 170 99  206 170 99  206 170 99  206 170 99  206 170 99  206 170 99  206 170 99  57 56 24  57 56 24  255 255 255
255 255 255  57 56 24  123 113 66  123 113 66  206 170 99  206 170 99  206 170 99  206 170 99  206 170 99  206 170 99  123 113 66  123 113 66  57 56 24  255 255 255
255 255 255  57 56 24  123 113 66  247 186 148  255 211 181  255 211 181  206 170 99  123 113 66  255 211 181  255 211 181  247 186 148  123 113 66  57 56 24  255 255 255
0 0 0  247 186 148  57 56 24  255 211 181  255 211 181  255 211 181  123 113 66  255 211 181  255 211 181  255 211 181  255 211 181  57 56 24  247 186 148  255 255 255
0 0 0  222 146 115  57 56 24  123 113 66  255 211 181  255 211 181  255 211 181  255 211 181  255 211 181  255 211 181  123 113 66  57 56 24  222 146 115  255 255 255
255 255 255  0 0 0  222 146 115  123 113 66  123 113 66  255 211 181  247 186 148  247 186 148  255 211 181  123 113 66  123 113 66  222 146 115  0 0 0  255 255 255
255 255 255  255 255 255  123 65 66  247 186 148  247 186 148  123 65 66  222 146 115  222 146 115  123 65 66  247 186 148  247 186 148  123 65 66  255 255 255  255 255 255
255 255 255  255 255 255  123 65 66  222 146 115  247 186 148  0 0 0  247 186 148  247 186 148  0 0 0  247 186 148  222 146 115  123 65 66  255 255 255  255 255 255
255 255 255  0 0 0  198 195 214  0 0 0  222 146 115  222 146 115  222 146 115  222 146 115  222 146 115  222 146 115  0 0 0  198 195 214  0 0 0  255 255 255
74 73 90  198 195 214  198 195 214  198 195 214  123 65 66  0 0 0  0 0 0  0 0 0  0 0 0  123 65 66  198 195 214  198 195 214  198 195 214  74 73 90
74 73 90  222 146 115  198 195 214  74 73 90  198 195 214  140 138 148  231 105 74  231 105 74  140 138 148  198 195 214  74 73 90  198 195 214  222 146 115  74 73 90
123 65 66  222 146 115  222 146 115  140 138 148  198 195 214  198 195 214  231 105 74  231 105 74  198 195 214  198 195 214  140 138 148  222 146 115  222 146 115  123 65 66
255 255 255  123 65 66  123 65 66  140 138 148  198 195 214  198 195 214  148 56 41  148 56 41  198 195 214  198 195 214  140 138 148  123 65 66  123 65 66  255 255 255
255 255 255  255 255 255  74 73 90  198 195 214  198 195 214  198 195 214  0 0 0  0 0 0  198 195 214  198 195 214  198 195 214  74 73 90  255 255 255  255 255 255
255 255 255  255 255 255  0 0 0  123 65 66  198 195 214  198 195 214  0 0 0  0 0 0  198 195 214  198 195 214  123 65 66  0 0 0  255 255 255  255 255 255
255 255 255  255 255 255  0 0 0  123 113 66  123 113 66  0 0 0  255 255 255  255 255 255  0 0 0  123 113 66  123 113 66  0 0 0  255 255 255  255 255 255
255 255 255  255 255 255  255 255 255  0 0 0  0 0 0  255 255 255  255 255 255  255 255 255  255 255 255  0 0 0  0 0 0  255 255 255  255 255 255  255 255 255
