19
14
255 255 255  255 255 255  255 255 255  255 255 255  255 255 255  32 64 16  32 64 16  32 64 16  32 64 16  255 255 255  255 255 255  255 255 255  255 255 255  255 255 255
255 255 255  255 255 255  255 255 255  32 64 16  32 64 16  128 208 56  128 208 56  128 208 56  128 208 56  32 64 16  32 64 16  255 255 255  255 255 255  255 255 255
255 255 255  255 255 255  32 64 16  56 136 0  128 208 56  128 208 56  128 208 56  128 208 56  128 208 56  128 208 56  56 136 0  32 64 16  255 255 255  255 255 255
255 255 255  0 0 0  56 136 0  56 136 0  56 136 0  128 208 56  56 136 0  56 136 0  128 208 56  56 136 0  56 136 0  56 136 0  0 0 0  255 255 255
255 255 255  0 0 0  56 136 0  56 136 0  56 136 0  32 64 16  255 255 255  255 255 255  32 64 16  56 136 0  56 136 0  56 136 0  0 0 0  255 255 255
255 255 255  0 0 0  32 64 16  56 136 0  0 0 0  0 0 0  0 0 0  0 0 0  0 0 0  0 0 0  56 136 0  32 64 16  0 0 0  255 255 255
0 0 0  240 192 152  80 80 32  32 64 16  128 208 56  128 208 56  128 208 56  128 208 56  128 208 56  128 208 56  32 64 16  80 80 32  240 192 152  0 0 0
0 0 0  216 152 112  80 80 32  216 152 112  32 64 16  32 64 16  32 64 16  32 64 16  32 64 16  32 64 16  216 152 112  80 80 32  216 152 112  0 0 0
255 255 255  0 0 0  80 80 32  216 152 112  216 152 112  216 152 112  216 152 112  216 152 112  216 152 112  216 152 112  216 152 112  80 80 32  0 0 0  255 255 255
255 255 255  0 0 0  80 80 32  240 192 152  240 192 152  0 0 0  248 216 184  248 216 184  0 0 0  240 192 152  240 192 152  80 80 32  0 0 0  255 255 255
0 0 0  160 128 32  0 0 0  216 152 112  240 192 152  120 64 64  248 216 184  248 216 184  120 64 64  240 192 152  216 152 112  0 0 0  160 128 32  0 0 0
0 0 0  160 128 32  80 80 32  0 0 0  120 64 64  216 152 112  216 152 112  216 152 112  216 152 112  120 64 64  0 0 0  80 80 32  160 128 32  0 0 0
255 255 255  0 0 0  0 0 0  32 64 16  56 136 0  0 0 0  0 0 0  0 0 0  0 0 0  56 136 0  32 64 16  0 0 0  0 0 0  255 255 255
255 255 255  120 64 64  255 255 255  255 255 255  32 64 16  128 208 56  56 136 0  56 136 0  128 208 56  32 64 16  255 255 255  255 255 255  120 64 64  255 255 255
255 255 255  120 64 64  216 152 192  216 152 192  32 64 16  128 208 56  128 208 56  128 208 56  128 208 56  32 64 16  216 152 192  216 152 192  120 64 64  255 255 255
255 255 255  255 255 255  120 64 64  0 0 0  56 136 0  32 64 16  32 64 16  32 64 16  32 64 16  56 136 0  0 0 0  120 64 64  255 255 255  255 255 255
255 255 255  255 255 255  255 255 255  0 0 0  0 0 0  56 136 0  56 136 0  56 136 0  56 136 0  0 0 0  0 0 0  255 255 255  255 255 255  255 255 255
255 255 255  255 255 255  255 255 255  0 0 0  32 64 16  32 64 16  0 0 0  0 0 0  32 64 16  32 64 16  0 0 0  255 255 255  255 255 255  255 255 255
255 255 255  255 255 255  255 255 255  255 255 255  0 0 0  0 0 0  255 255 255  255 255 255  0 0 0  0 0 0  255 255 255  255 255 255  255 255 255  255 255 255
